Date,Received,Sent,Total,Dial-up
2015-06-26,12815406907,23559436072,36374842979,0
2015-06-25,10368024883,64195340211,74563365094,0
2015-06-24,28305123772,74026103510,102331227282,0
2015-06-23,20171838496,93384088624,113555927120,0
2015-06-22,24453505138,82581883231,107035388369,0
2015-06-21,17853097253,9432045187,27285142440,0
2015-06-20,34674017562,82781763470,117455781032,0
2015-06-19,19723393491,71327751690,91051145181,0
2015-06-18,7591376293,61186105713,68777482006,0
2015-06-17,35864733579,135539775895,171404509474,0
2015-06-16,58904510211,115270953824,174175464035,0
2015-06-15,23577569480,77028109626,100605679106,0
2015-06-14,17708121667,85994175053,103702296720,0
2015-06-13,54390324925,157416387571,211806712496,0
2015-06-12,13879538458,59685234510,73564772968,0
2015-06-11,9171413779,30250205102,39421618881,0
2015-06-10,11056968214,20663620261,31720588475,0
2015-06-09,26888381779,72153030093,99041411872,0
2015-06-08,24409583509,72242777622,96652361131,0
2015-06-07,5982477080,75766528,6058243608,0
2015-06-06,15892314923,47759778434,63652093357,0
2015-06-05,17328007124,45374937161,62702944285,0
2015-06-04,5814769554,33866680795,39681450349,0
2015-06-03,40442277546,83801596885,124243874431,0
2015-06-02,13288255105,61111261179,74399516284,0
2015-06-01,13694928480,97028968720,110723897200,0
2015-05-31,8193811057,75429166,8269240223,0
2015-05-30,12199398426,30382594574,42581993000,0
2015-05-29,7296396203,57725419859,65021816062,0
2015-05-28,13183546667,48943355208,62126901875,0
2015-05-27,6953691393,17207820851,24161512244,0
2015-05-26,10185816919,82030663359,92216480278,0
2015-05-25,13317319340,121742684081,135060003421,0
2015-05-24,29080031634,84788397405,113868429039,0
2015-05-23,32048777127,27384643186,59433420313,0
2015-05-22,6708970067,55889440255,62598410322,0
2015-05-21,5004263425,34356172071,39360435496,0
2015-05-20,12733316980,39695020415,52428337395,0
2015-05-19,16756247579,73356789626,90113037205,0
2015-05-18,27042615442,119390535951,146433151393,0
2015-05-17,8431702999,382816371,8814519370,0
2015-05-16,8815669178,35820378636,44636047814,0
2015-05-15,12045154952,77539027423,89584182375,0
2015-05-14,20057551881,23356134282,43413686163,0
2015-05-13,2781895216,21773870185,24555765401,0
2015-05-12,7494843087,55754283375,63249126462,0
2015-05-11,18787091362,122243758212,141030849574,0
2015-05-10,3027508155,110189011,3137697166,0
2015-05-09,15309967011,86428307171,101738274182,0
2015-05-08,27667379892,120273447896,147940827788,0
2015-05-07,7968844289,76189074282,84157918571,0
2015-05-06,12629539088,80006306103,92635845191,0
2015-05-05,16507530812,70643011016,87150541828,0
2015-05-04,8493840957,47934997724,56428838681,0
2015-05-03,12632933626,15749738240,28382671866,0
2015-05-02,23912438286,95292083698,119204521984,0
2015-05-01,18754759814,123327168686,142081928500,0
2015-04-30,14014831476,63933659581,77948491057,0
2015-04-29,9714404139,69698178971,79412583110,0
2015-04-28,12258369301,138467943624,150726312925,0
2015-04-27,31793387782,41665808208,73459195990,0
2015-04-26,233548989,75860092,309409081,0
2015-04-25,25592543435,39459875046,65052418481,0
2015-04-24,6192615969,71789152420,77981768389,0
2015-04-23,12476115917,56921654155,69397770072,0
2015-04-22,9571401614,30676583080,40247984694,0
2015-04-21,11853021105,89302803078,101155824183,0
2015-04-20,21384058820,98312277064,119696335884,0
2015-04-19,4372578718,15428831708,19801410426,0
2015-04-18,3344370765,14025211776,17369582541,0
2015-04-17,12596990013,10932403694,23529393707,0
2015-04-16,12493434488,22536961722,35030396210,0
2015-04-15,6172225157,192792894,6365018051,0
2015-04-14,8124356579,27790127654,35914484233,0
2015-04-13,2642420413,23812658470,26455078883,0
2015-04-12,2089620997,4857752979,6947373976,0
2015-04-11,17528071245,92413788410,109941859655,0
2015-04-10,1474236593,33422489504,34896726097,0
2015-04-09,9761629436,24725305199,34486934635,0
2015-04-08,6167261330,10182183871,16349445201,0
2015-04-07,6785657105,46870709390,53656366495,0
2015-04-06,10840710052,57368834449,68209544501,0
2015-04-05,8055057710,17497584580,25552642290,0
2015-04-04,15359837393,375466508,15735303901,0
2015-04-03,16152247136,49387274593,65539521729,0
2015-04-02,10067993200,257154065,10325147265,0
2015-04-01,4201471398,29957230943,34158702341,0
2015-03-31,11612323487,52014821463,63627144950,0
2015-03-30,8210994964,89832291,8300827255,0
2015-03-29,5580471132,13545991363,19126462495,0
2015-03-28,13228232707,45406080501,58634313208,0
2015-03-27,8331914374,40997346454,49329260828,0
2015-03-26,25551425211,21383873227,46935298438,0
2015-03-25,7777983828,58967342464,66745326292,0
2015-03-24,17195150451,60269211464,77464361915,0
2015-03-23,6691097000,29723051309,36414148309,0
2015-03-22,7331429514,3185396286,10516825800,0
2015-03-21,4060384932,25764446802,29824831734,0
2015-03-20,11073947027,66816330362,77890277389,0
2015-03-19,8773884197,38397868536,47171752733,0
2015-03-18,1666841826,38037736891,39704578717,0
2015-03-17,16147312421,72200974504,88348286925,0
2015-03-16,3911690982,5666256656,9577947638,0
2015-03-15,7486216032,25943789325,33430005357,0
2015-03-14,23865766495,91977627995,115843394490,0
2015-03-13,4192899335,28915476215,33108375550,0
2015-03-12,8502783370,6565034238,15067817608,0
2015-03-11,8321983428,59351020513,67673003941,0
2015-03-10,4523215907,35455130511,39978346418,0
2015-03-09,3650942508,35913922788,39564865296,0
2015-03-08,5831210415,13098706024,18929916439,0
2015-03-07,15434725494,71320686831,86755412325,0
2015-03-06,11693821356,96986219100,108680040456,0
2015-03-05,7795235230,40740668602,48535903832,0
2015-03-04,3286926054,9582652395,12869578449,0
2015-03-03,16088330549,87830029969,103918360518,0
2015-03-02,13984044940,52183497097,66167542037,0
2015-03-01,21620397250,4446645183,26067042433,0
2015-02-28,10242448600,24625419409,34867868009,0
2015-02-27,13153186718,47865143877,61018330595,0
2015-02-26,6891407727,40064742636,46956150363,0
2015-02-25,9638198462,27587334439,37225532901,0
2015-02-24,12387459666,86369536210,98756995876,0
2015-02-23,3339804100,69050859695,72390663795,0
2015-02-22,7633163750,8673517665,16306681415,0
2015-02-21,15053443986,58121716016,73175160002,0
2015-02-20,8530847521,81025971021,89556818542,0
2015-02-19,16421887207,38992069996,55413957203,0
2015-02-18,7901367483,30972235893,38873603376,0
2015-02-17,8228333277,40439114814,48667448091,0
2015-02-16,9623674594,93487636004,103111310598,0
2015-02-15,11092331250,10144954292,21237285542,0
2015-02-14,15482503722,55403133274,70885636996,0
2015-02-13,10793565253,76435807158,87229372411,0
2015-02-12,29541564366,59688334585,89229898951,0
2015-02-11,10769219567,39793786569,50563006136,0
2015-02-10,21008461926,79306666993,100315128919,0
2015-02-09,14801355298,51274916111,66076271409,0
2015-02-08,16500823181,9174978099,25675801280,0
2015-02-07,9805308334,43627984842,53433293176,0
2015-02-06,9788114092,72845463441,82633577533,0
2015-02-05,11881138065,55452828018,67333966083,0
2015-02-04,8968520285,70227828227,79196348512,0
2015-02-03,15442883951,17806753110,33249637061,0
2015-02-02,4786012096,131192100,4917204196,0
2015-02-01,9955457393,23049888130,33005345523,0
2015-01-31,19541981660,88670239246,108212220906,0
2015-01-30,8140911231,75199992354,83340903585,0
2015-01-29,16468614513,35000820697,51469435210,0
2015-01-28,2335672467,33381574944,35717247411,0
2015-01-27,23000469339,24338630061,47339099400,0
2015-01-26,9309290201,53757723145,63067013346,0
2015-01-25,14153023914,16519218111,30672242025,0
2015-01-24,19876968501,38358589358,58235557859,0
2015-01-23,16899271625,49964574905,66863846530,0
2015-01-22,26957412606,25851849500,52809262106,0
2015-01-21,12765348473,33493763002,46259111475,0
2015-01-20,15930515815,44150521017,60081036832,0
2015-01-19,16930694952,14291469838,31222164790,0
2015-01-18,12003522543,131045995,12134568538,0
2015-01-17,18165990693,41907530767,60073521460,0
2015-01-16,14762885060,54130152745,68893037805,0
2015-01-15,29346584700,41717460332,71064045032,0
2015-01-14,27255731089,39861905909,67117636998,0
2015-01-13,7002084503,45282954711,52285039214,0
2015-01-12,9910049750,82063824931,91973874681,0
2015-01-11,6950089194,77400525,7027489719,0
2015-01-10,52909663541,54109757681,107019421222,0
2015-01-09,16563478276,84840511945,101403990221,0
2015-01-08,35103577285,35147868307,70251445592,0
2015-01-07,5401940145,16492801780,21894741925,0
2015-01-06,17123344976,25735694433,42859039409,0
2015-01-05,11460544579,52284833305,63745377884,0
2015-01-04,9824904890,13147425882,22972330772,0
2015-01-03,10282981117,24532585970,34815567087,0
2015-01-02,7864898590,251792150,8116690740,0
2015-01-01,32520504488,17332815876,49853320364,0
2014-12-31,13422532524,230262182,13652794706,0
2014-12-30,27874953130,393773495,28268726625,0
2014-12-29,14042375906,13298082678,27340458584,0
2014-12-28,25626898194,62885235420,88512133614,0
2014-12-27,18871097110,9279066967,28150164077,0
2014-12-26,12096378965,10133686970,22230065935,0
2014-12-25,36543380079,347162573,36890542652,0
2014-12-24,23128487639,441498603,23569986242,0
2014-12-23,26811059588,15768983471,42580043059,0
2014-12-22,6516302110,46223018130,52739320240,0
2014-12-21,11913264957,8382997173,20296262130,0
2014-12-20,51213851424,38411679714,89625531138,0
2014-12-19,2109376022,36807577480,38916953502,0
2014-12-18,30751349620,41617385831,72368735451,0
2014-12-17,41081302180,13371020880,54452323060,0
2014-12-16,18482630791,21400064282,39882695073,0
2014-12-15,20845111219,47989572203,68834683422,0
2014-12-14,27744392011,78625258390,106369650401,0
2014-12-13,30251975556,1065931313,31317906869,0
2014-12-12,19040290084,78333456826,97373746910,0
2014-12-11,25738143544,18299883020,44038026564,0
2014-12-10,13855894084,361680362,14217574446,0
2014-12-09,10239781934,48984158593,59223940527,0
2014-12-08,12133810527,43629288692,55763099219,0
2014-12-07,13466993893,21384832122,34851826015,0
2014-12-06,21302136938,21302353463,42604490401,0
2014-12-05,9282427728,61340428055,70622855783,0
2014-12-04,40011573517,24751598413,64763171930,0
2014-12-03,6378496650,47777013728,54155510378,0
2014-12-02,24303609451,49781616860,74085226311,0
2014-12-01,26767107211,31687193538,58454300749,0
2014-11-30,15397009451,89246479,15486255930,0
2014-11-29,32072628191,11428204991,43500833182,0
2014-11-28,2174816415,31679275820,33854092235,0
2014-11-27,22345479936,497634704,22843114640,0
2014-11-26,13116707000,29759307772,42876014772,0
2014-11-25,31357049000,20230804688,51587853688,0
2014-11-24,13468726128,18361757099,31830483227,0
2014-11-23,13746489544,7144757489,20891247033,0
2014-11-22,30117526828,14282924089,44400450917,0
2014-11-21,25703577782,23883432489,49587010271,0
2014-11-20,36090511867,29457860528,65548372395,0
2014-11-19,20447319018,37790707424,58238026442,0
2014-11-18,38763961406,19006120323,57770081729,0
2014-11-17,16454715955,24472509054,40927225009,0
2014-11-16,17549481131,15523240018,33072721149,0
2014-11-15,17722026385,428616703,18150643088,0
2014-11-14,14132463249,19629950154,33762413403,0
2014-11-13,28290944386,26035425801,54326370187,0
2014-11-12,17356126240,35306985745,52663111985,0
2014-11-11,3489351016,38274084948,41763435964,0
2014-11-10,7843740612,27598231798,35441972410,0
2014-11-09,4322326747,10566704968,14889031715,0
2014-11-08,18744467872,22519897385,41264365257,0
2014-11-07,8382491177,33575459739,41957950916,0
2014-11-06,22184158129,12553560228,34737718357,0
2014-11-05,21896024313,24773380043,46669404356,0
2014-11-04,16291479712,10652383520,26943863232,0
2014-11-03,6974222731,36042634997,43016857728,0
2014-11-02,5659320507,289961516,5949282023,0
2014-11-01,14541538220,12644462926,27186001146,0
2014-10-31,3131669740,26169318035,29300987775,0
2014-10-30,18537408941,9593123060,28130532001,0
2014-10-29,21235949583,20379057845,41615007428,0
2014-10-28,19619294334,24220164109,43839458443,0
2014-10-27,16736971020,26349214212,43086185232,0
2014-10-26,15592301071,5486761064,21079062135,0
2014-10-25,9372095485,11396338481,20768433966,0
2014-10-24,19122434038,959175271,20081609309,0
2014-10-23,20121143440,15185395619,35306539059,0
2014-10-22,44313474208,18242717556,62556191764,0
2014-10-21,2908826892,21032722367,23941549259,0
2014-10-20,10987215212,28377406009,39364621221,0
2014-10-19,19958600463,414472996,20373073459,0
2014-10-18,11828179534,29138016638,40966196172,0
2014-10-17,16074623130,6854991204,22929614334,0
2014-10-16,21226320978,28244740894,49471061872,0
2014-10-15,14470258086,19345567376,33815825462,0
2014-10-14,29169512512,22168250518,51337763030,0
2014-10-13,17457164049,17548564237,35005728286,0
2014-10-12,32258275731,339648019,32597923750,0
2014-10-11,14675618176,14795907738,29471525914,0
2014-10-10,10645682679,5564676148,16210358827,0
2014-10-09,13677434145,28557103988,42234538133,0
2014-10-08,17644453791,19570995504,37215449295,0
2014-10-07,24757527460,30878775053,55636302513,0
2014-10-06,21492002587,25974367327,47466369914,0
2014-10-05,25578833658,4896123232,30474956890,0
2014-10-04,73200179059,96324214807,169524393866,0
2014-10-03,68305530214,13191943246,81497473460,0
2014-10-02,17660826708,17143077551,34803904259,0
2014-10-01,15873540564,29228725978,45102266542,0
2014-09-30,18141849361,14916948196,33058797557,0
2014-09-29,18899236037,15391158906,34290394943,0
2014-09-28,8122666978,9714386245,17837053223,0
2014-09-27,25387184027,12824630453,38211814480,0
2014-09-26,10512456665,6354742045,16867198710,0
2014-09-25,32800097856,16009254115,48809351971,0
2014-09-24,13349529432,11760368880,25109898312,0
2014-09-23,15395024235,18515334601,33910358836,0
2014-09-22,11169654466,7750798753,18920453219,0
2014-09-21,18222831216,4537331543,22760162759,0
2014-09-20,18700902935,10968049600,29668952535,0
2014-09-19,16604945087,18251996761,34856941848,0
2014-09-18,22988189052,8759781672,31747970724,0
2014-09-17,13668950874,5885636386,19554587260,0
2014-09-16,19807932450,11240941564,31048874014,0
2014-09-15,10279955423,72563852796,82843808219,0
2014-09-14,42518999639,10675423340,53194422979,0
2014-09-13,12496520771,6155820642,18652341413,0
2014-09-12,18834453454,12230720868,31065174322,0
2014-09-11,40239193763,15474298640,55713492403,0
2014-09-10,2851305151,5822247498,8673552649,0
2014-09-09,16058510876,7608344642,23666855518,0
2014-09-08,8652330450,1348698258,10001028708,0
2014-09-07,11639539380,451232294,12090771674,0
2014-09-06,20939510195,10188189075,31127699270,0
2014-09-05,16236008133,1226585713,17462593846,0
2014-09-04,13072106748,15018601079,28090707827,0
2014-09-03,6955444539,949399484,7904844023,0
2014-09-02,17159977032,15683167648,32843144680,0
2014-09-01,11514454263,6356369617,17870823880,0
2014-08-31,18183174604,4484916024,22668090628,0
2014-08-30,20212153383,8055307148,28267460531,0
2014-08-29,5511477595,2577580610,8089058205,0
2014-08-28,8533361113,267574012,8800935125,0
2014-08-27,10485225624,11750997143,22236222767,0
2014-08-26,20064030726,12924059430,32988090156,0
2014-08-25,10079667858,267619536,10347287394,0
2014-08-24,6802802981,5284283186,12087086167,0
2014-08-23,9065871754,762435206,9828306960,0
2014-08-22,5670114925,4187406038,9857520963,0
2014-08-21,1905802364,42139018192,44044820556,0
2014-08-20,44998503486,36991250899,81989754385,0
2014-08-19,14266159265,3104323008,17370482273,0
2014-08-18,4928394259,7822918687,12751312946,0
2014-08-17,12471091601,346821136,12817912737,0
2014-08-16,5872384516,5830122917,11702507433,0
2014-08-15,5636607887,177875482,5814483369,0
2014-08-14,19937438409,13393672644,33331111053,0
2014-08-13,14352318187,7240860506,21593178693,0
2014-08-12,17102609179,2160340344,19262949523,0
2014-08-11,4884815347,11299688764,16184504111,0
2014-08-10,6056201264,160250647,6216451911,0
2014-08-09,7896071277,6303418903,14199490180,0
2014-08-08,24758260163,7568270969,32326531132,0
2014-08-07,24191325631,81345691834,105537017465,0
2014-08-06,46805158055,20557869419,67363027474,0
2014-08-05,22929421616,14764010078,37693431694,0
2014-08-04,15646463004,1926498359,17572961363,0
2014-08-03,2903307028,138995218,3042302246,0
2014-08-02,17018641132,11990392913,29009034045,0
2014-08-01,20190767537,24960099288,45150866825,0
2014-07-31,27819634949,43196743024,71016377973,0
2014-07-30,56065965458,80261262547,136327228005,0
2014-07-29,9449316558,4691616438,14140932996,0
2014-07-28,15370386427,15602139980,30972526407,0
2014-07-27,12472537932,12834381888,25306919820,0
2014-07-26,24752687980,46457356432,71210044412,0
2014-07-25,8351127048,8233915662,16585042710,0
2014-07-24,18332234408,1904129454,20236363862,0
2014-07-23,24870264625,539165982,25409430607,0
2014-07-22,32273983306,2961083973,35235067279,0
2014-07-21,16697371716,3348126938,20045498654,0
2014-07-20,21870792701,56006524497,77877317198,0
2014-07-19,18125495148,28618443029,46743938177,0
2014-07-18,24716301688,34514136865,59230438553,0
2014-07-17,66157374622,56317271614,122474646236,0
2014-07-16,20279950131,6192552620,26472502751,0
2014-07-15,15718267677,86992427419,102710695096,0
2014-07-14,51720526014,36609486541,88330012555,0
2014-07-13,57985179551,37841191034,95826370585,0
2014-07-12,18008242381,7628661347,25636903728,0
2014-07-11,8370221737,14232284918,22602506655,0
2014-07-10,34046576604,4791923791,38838500395,0
2014-07-09,14715249627,9998533043,24713782670,0
2014-07-08,50488302584,39735405181,90223707765,0
2014-07-07,15077544057,16430971876,31508515933,0
2014-07-06,25312397592,3825376934,29137774526,0
2014-07-05,19594932772,18236753071,37831685843,0
2014-07-04,34365078398,7672160666,42037239064,0
2014-07-03,85996949264,57495228054,143492177318,0
2014-07-02,7172722447,491283219,7664005666,0
2014-07-01,17187180300,1789894522,18977074822,0
2014-06-30,2369610294,833871987,3203482281,0
2014-06-29,21981563066,1124170681,23105733747,0
2014-06-28,15387194641,300242928,15687437569,0
2014-06-27,25862765942,3383912156,29246678098,0
2014-06-26,18850345345,6184287316,25034632661,0
2014-06-25,4805834126,6770758921,11576593047,0
2014-06-24,33988252725,5687740496,39675993221,0
2014-06-23,8851265282,6914977514,15766242796,0
2014-06-22,47454327713,2420024652,49874352365,0
2014-06-21,2682102593,89816923,2771919516,0
2014-06-20,12920746671,1997473846,14918220517,0
2014-06-19,27577344565,3355203657,30932548222,0
2014-06-18,20946656053,1251803773,22198459826,0
2014-06-17,20414714797,3991166357,24405881154,0
2014-06-16,22220004669,4665802083,26885806752,0
2014-06-15,22541031816,1068916638,23609948454,0
2014-06-14,11092163133,225381723,11317544856,0
2014-06-13,19773841061,1051522103,20825363164,0
2014-06-12,14882561477,536566053,15419127530,0
2014-06-11,17302846208,554987468,17857833676,0
2014-06-10,18704819549,2085704673,20790524222,0
2014-06-09,18497423605,4502182211,22999605816,0
2014-06-08,16277053741,280833378,16557887119,0
2014-06-07,5615604044,266549039,5882153083,0
2014-06-06,19643954560,308044846,19951999406,0
2014-06-05,15964369268,4435743392,20400112660,0
2014-06-04,20357962499,2201173312,22559135811,0
2014-06-03,35299981873,2990257595,38290239468,0
2014-06-02,13847791027,2039632627,15887423654,0
2014-06-01,16747093263,120100145,16867193408,0
2014-05-31,12139815489,1382116141,13521931630,0
2014-05-30,6921301671,164209214,7085510885,0
2014-05-29,22936919665,611179934,23548099599,0
2014-05-28,11407728822,304651749,11712380571,0
2014-05-27,27334281156,5807075580,33141356736,0
2014-05-26,3191849944,848027160,4039877104,0
2014-05-25,4586818782,267207532,4854026314,0
2014-05-24,11986187842,1438114621,13424302463,0
2014-05-23,11766696624,305336212,12072032836,0
2014-05-22,23843927383,1381273169,25225200552,0
2014-05-21,25719274367,595032848,26314307215,0
2014-05-20,25788087785,2158033827,27946121612,0
2014-05-19,18795651128,2211344300,21006995428,0
2014-05-18,18340414653,533049894,18873464547,0
2014-05-17,11176520652,389010018,11565530670,0
2014-05-16,11147196358,1576428888,12723625246,0
2014-05-15,20214187772,478702038,20692889810,0
2014-05-14,19122786195,1651677425,20774463620,0
2014-05-13,18869324036,2759380605,21628704641,0
2014-05-12,3609152072,2032229339,5641381411,0
2014-05-11,18069771027,138643246,18208414273,0
2014-05-10,13917018102,758636928,14675655030,0
2014-05-09,10943163806,1967632488,12910796294,0
2014-05-08,26060764570,639250387,26700014957,0
2014-05-07,15127551249,931144323,16058695572,0
2014-05-06,21894767185,4407522162,26302289347,0
2014-05-05,15500123333,3444020807,18944144140,0
2014-05-04,2455411014,203772047,2659183061,0
2014-05-03,12770674713,1569335905,14340010618,0
2014-05-02,10134989621,3367956735,13502946356,0
2014-05-01,14863027287,953269100,15816296387,0
2014-04-30,15331820973,603264071,15935085044,0
2014-04-29,25452243530,2981541035,28433784565,0
2014-04-28,10312392969,2485966560,12798359529,0
2014-04-27,19420478303,1224797698,20645276001,0
2014-04-26,4875936900,2315701964,7191638864,0
2014-04-25,16589242834,3715470606,20304713440,0
2014-04-24,25086165021,2846960774,27933125795,0
2014-04-23,13222726331,2639939312,15862665643,0
2014-04-22,25422010430,1351729981,26773740411,0
2014-04-21,6124665656,2239026249,8363691905,0
2014-04-20,19892853576,228335043,20121188619,0
2014-04-19,19984527047,271744114,20256271161,0
2014-04-18,14819653638,791430773,15611084411,0
2014-04-17,22801587175,690551393,23492138568,0
2014-04-16,11411386706,314307417,11725694123,0
2014-04-15,17393553207,609029946,18002583153,0
2014-04-14,19225434510,2526282908,21751717418,0
2014-04-13,939804140,223421277,1163225417,0
2014-04-12,9475659247,1047317972,10522977219,0
2014-04-11,14050772895,1878472654,15929245549,0
2014-04-10,17296587333,801421518,18098008851,0
2014-04-09,15224938143,939565217,16164503360,0
2014-04-08,12412777090,717099809,13129876899,0
2014-04-07,11141071892,2462458597,13603530489,0
2014-04-06,13323702096,382712376,13706414472,0
2014-04-05,12258961179,941055604,13200016783,0
2014-04-04,21126141877,2202907832,23329049709,0
2014-04-03,12014484774,643981473,12658466247,0
2014-04-02,12221675400,637878117,12859553517,0
2014-04-01,17252127730,534307673,17786435403,0
2014-03-31,6509424383,834568775,7343993158,0
2014-03-30,8677548042,653855290,9331403332,0
2014-03-29,9912114264,1080123316,10992237580,0
2014-03-28,9471918227,695230044,10167148271,0
2014-03-27,18928286291,1619118301,20547404592,0
2014-03-26,14448913202,1128552228,15577465430,0
2014-03-25,15509713047,1112357936,16622070983,0
2014-03-24,3776007008,1940577463,5716584471,0
2014-03-23,26536731167,714773489,27251504656,0
2014-03-22,23389271213,2323035900,25712307113,0
2014-03-21,11384662886,1167220737,12551883623,0
2014-03-20,15943562615,288276974,16231839589,0
2014-03-19,8993580483,769017105,9762597588,0
2014-03-18,13776130137,578776297,14354906434,0
2014-03-17,16517336050,1147394595,17664730645,0
2014-03-16,6175497106,139902811,6315399917,0
2014-03-15,12058726108,1382847453,13441573561,0
2014-03-14,7299007934,1588621015,8887628949,0
2014-03-13,14936248437,742910298,15679158735,0
2014-03-12,16132754389,7729865649,23862620038,0
2014-03-11,20421782824,2583184320,23004967144,0
2014-03-10,3051316460,468939207,3520255667,0
2014-03-09,7767120982,131250594,7898371576,0
2014-03-08,14579198824,6932974138,21512172962,0
2014-03-07,16238397757,8549937281,24788335038,0
2014-03-06,18663532033,8461667333,27125199366,0
2014-03-05,18836327785,8813165271,27649493056,0
2014-03-04,43251820068,4607424535,47859244603,0
2014-03-03,8142093143,180225057,8322318200,0
2014-03-02,16237173456,847261403,17084434859,0
2014-03-01,14111441081,1006962908,15118403989,0
2014-02-28,24279295652,1648107041,25927402693,0
2014-02-27,8451794668,1202223895,9654018563,0
2014-02-26,15967414426,2003994040,17971408466,0
2014-02-25,19931958264,476566692,20408524956,0
2014-02-24,16122005176,1294617912,17416623088,0
2014-02-23,41403178369,695009837,42098188206,0
2014-02-22,19878384872,1250306008,21128690880,0
2014-02-21,30439170313,220680507,30659850820,0
2014-02-20,17001684906,621666107,17623351013,0
2014-02-19,14253201034,1085410183,15338611217,0
2014-02-18,12089754063,1583953403,13673707466,0
2014-02-17,11957576198,1464078699,13421654897,0
2014-02-16,8176278183,520037407,8696315590,0
2014-02-15,6271101344,639823158,6910924502,0
2014-02-14,8231311340,461573176,8692884516,0
2014-02-13,15552402017,1772255838,17324657855,0
2014-02-12,13315689395,2128754112,15444443507,0
2014-02-11,19475187450,3016679043,22491866493,0
2014-02-10,8709274754,1209457466,9918732220,0
2014-02-09,19915682315,635713198,20551395513,0
2014-02-08,7503503809,108653736,7612157545,0
2014-02-07,11637288564,2030674417,13667962981,0
2014-02-06,12258396263,848280972,13106677235,0
2014-02-05,24052688582,1318571791,25371260373,0
2014-02-04,14485609400,2785110676,17270720076,0
2014-02-03,9019214861,1205934886,10225149747,0
2014-02-02,6342984448,841275887,7184260335,0
2014-02-01,8515194368,458707340,8973901708,0
2014-01-31,8613865310,1734079199,10347944509,0
2014-01-30,12733946959,2179461964,14913408923,0
2014-01-29,11193280204,475612116,11668892320,0
2014-01-28,19532345002,541737992,20074082994,0
2014-01-27,13085446172,1826023272,14911469444,0
2014-01-26,18692374514,266643117,18959017631,0
2014-01-25,9054317392,1004977706,10059295098,0
2014-01-24,8001809683,356006334,8357816017,0
2014-01-23,9914079437,631156117,10545235554,0
2014-01-22,16787831504,4595295330,21383126834,0
2014-01-21,16685223243,2058322552,18743545795,0
2014-01-20,8592777915,2867674004,11460451919,0
2014-01-19,18719226915,221217150,18940444065,0
2014-01-18,14289348078,1609399766,15898747844,0
2014-01-17,8322399053,2745590573,11067989626,0
2014-01-16,13571522169,909712268,14481234437,0
2014-01-15,12157225990,1748983898,13906209888,0
2014-01-14,17832927962,6317980926,24150908888,0
2014-01-13,11084613745,3072425409,14157039154,0
2014-01-12,8800801889,407422523,9208224412,0
2014-01-11,16292760394,1485363470,17778123864,0
2014-01-10,26134721393,4813629913,30948351306,0
2014-01-09,8624726474,226099591,8850826065,0
2014-01-08,21394159929,977220395,22371380324,0
2014-01-07,16214367284,3300935524,19515302808,0
2014-01-06,16567989928,1200057540,17768047468,0
2014-01-05,13857413195,277580522,14134993717,0
2014-01-04,23859353007,837118138,24696471145,0
2014-01-03,4785550348,4403829091,9189379439,0
2014-01-02,12360089860,3914786053,16274875913,0
2014-01-01,16217473245,1311015728,17528488973,0
2013-12-31,13849429570,576277266,14425706836,0
2013-12-30,15561282050,563613253,16124895303,0
2013-12-29,18625153535,122114017,18747267552,0
2013-12-28,12992074558,118302563,13110377121,0
2013-12-27,27955757313,8185230842,36140988155,0
2013-12-26,19036196297,1596461861,20632658158,0
2013-12-25,8472547091,121607537,8594154628,0
2013-12-24,2996613129,132090097,3128703226,0
2013-12-23,3159069401,108322543,3267391944,0
2013-12-22,4464327160,206271409,4670598569,0
2013-12-21,8073509446,1751444548,9824953994,0
2013-12-20,10427616498,1841573797,12269190295,0
2013-12-19,4034635533,1922322682,5956958215,0
2013-12-18,8196739859,5452712185,13649452044,0
2013-12-17,12054962641,4849627515,16904590156,0
2013-12-16,17946366139,6866150676,24812516815,0
2013-12-15,16170961414,5438152002,21609113416,0
2013-12-14,10252031138,6450710576,16702741714,0
2013-12-13,10607687610,3521175249,14128862859,0
2013-12-12,6392095086,4237063934,10629159020,0
2013-12-11,8698741684,5331919904,14030661588,0
2013-12-10,3155068468,4840841346,7995909814,0
2013-12-09,8424308557,4592531123,13016839680,0
2013-12-08,13320047349,2489589884,15809637233,0
2013-12-07,5145610652,824469054,5970079706,0
2013-12-06,7774800245,4746226082,12521026327,0
2013-12-05,4046834979,2639679012,6686513991,0
2013-12-04,11080869852,3182128111,14262997963,0
2013-12-03,5950411432,2752208226,8702619658,0
2013-12-02,7347593723,2959054597,10306648320,0
2013-12-01,14401673639,4672292215,19073965854,0
2013-11-30,2340283955,942937571,3283221526,0
2013-11-29,2952814113,8024032344,10976846457,0
2013-11-28,1920290169,8564598730,10484888899,0
2013-11-27,4279290801,9117692945,13396983746,0
2013-11-26,1665051669,9388131694,11053183363,0
2013-11-25,37670874142,8375012024,46045886166,0
2013-11-24,10004006925,1408446084,11412453009,0
2013-11-23,17467307989,1796948806,19264256795,0
2013-11-22,27650743455,1757562958,29408306413,0
2013-11-21,15825203442,2453271660,18278475102,0
2013-11-20,39431253568,3463263424,42894516992,0
2013-11-19,13959102823,4735815114,18694917937,0
2013-11-18,45651079727,7655971562,53307051289,0
2013-11-17,14102294886,3997444154,18099739040,0
2013-11-16,9481634083,2440511767,11922145850,0
2013-11-15,11920659571,2611524142,14532183713,0
2013-11-14,7899581347,3575675374,11475256721,0
2013-11-13,3430704967,2255266281,5685971248,0
2013-11-12,8466224510,2394373236,10860597746,0
2013-11-11,8429133562,3673264971,12102398533,0
2013-11-10,23056643918,7987903239,31044547157,0
2013-11-09,6234675145,9090115317,15324790462,0
2013-11-08,5048307604,9187550938,14235858542,0
2013-11-07,27698546195,5659621630,33358167825,0
2013-11-06,10818502427,4678420284,15496922711,0
2013-11-05,15667704429,1320682048,16988386477,0
2013-11-04,19116521091,3758192248,22874713339,0
2013-11-03,14668580141,128218692,14796798833,0
2013-11-02,18216491144,2052014805,20268505949,0
2013-11-01,16115153766,3141447057,19256600823,0
2013-10-31,11616170457,1802001177,13418171634,0
2013-10-30,18285818897,2251732173,20537551070,0
2013-10-29,22323501974,1140605978,23464107952,0
2013-10-28,10379039800,1102792920,11481832720,0
2013-10-27,17139643599,2516077129,19655720728,0
2013-10-26,11690758444,750679070,12441437514,0
2013-10-25,20075800886,841308447,20917109333,0
2013-10-24,13636468033,1839028585,15475496618,0
2013-10-23,8169601683,2567526731,10737128414,0
2013-10-22,23193993639,810703571,24004697210,0
2013-10-21,14889235503,1272060690,16161296193,0
2013-10-20,12595637531,301049322,12896686853,0
2013-10-19,7823573499,234719409,8058292908,0
2013-10-18,7985444723,1342117784,9327562507,0
2013-10-17,6571855977,906417639,7478273616,0
2013-10-16,12031219683,2622686479,14653906162,0
2013-10-15,4742589334,320853391,5063442725,0
2013-10-14,10991809388,3682840950,14674650338,0
2013-10-13,16982924545,1915037460,18897962005,0
2013-10-12,5664158382,3733617694,9397776076,0
2013-10-11,16854191283,4715926523,21570117806,0
2013-10-10,0,0,0,0
2013-10-09,0,0,0,0
2013-10-08,3445872893,579512821,4025385714,0
2013-10-07,6143878787,1751956516,7895835303,0
2013-10-06,4102181995,1249130673,5351312668,0
2013-10-05,3851452617,2785096726,6636549343,0
2013-10-04,4230412885,2983709345,7214122230,0
2013-10-03,5497037030,2321343260,7818380290,0
2013-10-02,9159051837,4185369692,13344421529,0
2013-10-01,7945408815,4157536623,12102945438,0
2013-09-30,10797671433,2762508129,13560179562,0
2013-09-29,13609551803,1244844243,14854396046,0
2013-09-28,7576759486,3873392631,11450152117,0
2013-09-27,6875656837,2653857564,9529514401,0
2013-09-26,4607078627,3143306783,7750385410,0
2013-09-25,6229911490,7773373300,14003284790,0
2013-09-24,8536460549,10596460801,19132921350,0
2013-09-23,17950810707,4317150924,22267961631,0
2013-09-22,9048087217,146544689,9194631906,0
2013-09-21,6302009005,1617736657,7919745662,0
2013-09-20,7974848871,167993515,8142842386,0
2013-09-19,8648100162,1214602243,9862702405,0
2013-09-18,21740514423,2668134046,24408648469,0
2013-09-17,7979361083,2865922737,10845283820,0
2013-09-16,6119823392,2854504452,8974327844,0
2013-09-15,24754232553,4429193228,29183425781,0
2013-09-14,7864679867,151099414,8015779281,0
2013-09-13,10721231156,9563501941,20284733097,0
2013-09-12,11901398359,3291407107,15192805466,0
2013-09-11,11604941589,2456897300,14061838889,0
2013-09-10,9757193697,332101934,10089295631,0
2013-09-09,7550109948,1071943615,8622053563,0
2013-09-08,4745339691,135176216,4880515907,0
2013-09-07,10097610629,613872080,10711482709,0
2013-09-06,13356798296,873892398,14230690694,0
2013-09-05,12030405816,2235316882,14265722698,0
2013-09-04,7766693055,96832493,7863525548,0
2013-09-03,9459779784,141925123,9601704907,0
2013-09-02,6321549290,767602046,7089151336,0
2013-09-01,7830959596,272131608,8103091204,0
2013-08-31,12235134890,261696386,12496831276,0
2013-08-30,7276404525,377554238,7653958763,0
2013-08-29,5095298937,272141451,5367440388,0
2013-08-28,23037023266,604984555,23642007821,0
2013-08-27,88974536,7178293,96152829,0
2013-08-26,12508225818,2181623995,14689849813,0
2013-08-25,14461235937,134013240,14595249177,0
2013-08-24,13284460264,111703174,13396163438,0
2013-08-23,16210552854,2433798638,18644351492,0
2013-08-22,5677022541,267547008,5944569549,0
2013-08-21,2620047451,58718008,2678765459,0
2013-08-20,11093948023,614915207,11708863230,0
2013-08-19,6687013521,532534030,7219547551,0
2013-08-18,2336070368,658226420,2994296788,0
2013-08-17,16808062043,206270466,17014332509,0
2013-08-16,8208469261,1204740025,9413209286,0
2013-08-15,6144809290,7992973226,14137782516,0
2013-08-14,19954862566,1531239360,21486101926,0
2013-08-13,10695110626,263961348,10959071974,0
2013-08-12,11556070809,744048148,12300118957,0
2013-08-11,11439766561,106497980,11546264541,0
2013-08-10,10515765556,145618822,10661384378,0
2013-08-09,14499094665,1268321322,15767415987,0
2013-08-08,12143663901,2804510150,14948174051,0
2013-08-07,13904488664,4873643797,18778132461,0
2013-08-06,9552136632,812043931,10364180563,0
2013-08-05,8144843540,728026323,8872869863,0
2013-08-04,9016817125,539854610,9556671735,0
2013-08-03,16697088988,1920282487,18617371475,0
2013-08-02,5509898032,996378364,6506276396,0
2013-08-01,4287682418,1243369535,5531051953,0
2013-07-31,11842759430,1617498491,13460257921,0
2013-07-30,28091430271,529470560,28620900831,0
2013-07-29,11809075369,706450712,12515526081,0
2013-07-28,8012778765,595039669,8607818434,0
2013-07-27,7122107091,1294152613,8416259704,0
2013-07-26,13990151435,4052266176,18042417611,0
2013-07-25,12247185718,1021755622,13268941340,0
2013-07-24,21624345924,785402995,22409748919,0
2013-07-23,10796006313,268052365,11064058678,0
2013-07-22,19070444357,895089124,19965533481,0
2013-07-21,8888927064,91344787,8980271851,0
2013-07-20,6137996131,1480775965,7618772096,0
2013-07-19,25846206300,283948354,26130154654,0
2013-07-18,12326107526,691937504,13018045030,0
2013-07-17,20883239850,834016240,21717256090,0
2013-07-16,11751347278,511953210,12263300488,0
2013-07-15,9173751696,475251284,9649002980,0
2013-07-14,24557156422,610388248,25167544670,0
2013-07-13,6910773879,153115819,7063889698,0
2013-07-12,11183218400,1544793841,12728012241,0
2013-07-11,13138499351,2398418873,15536918224,0
2013-07-10,16280829267,9001039776,25281869043,0
2013-07-09,16854993333,4169628910,21024622243,0
2013-07-08,7944775697,481236467,8426012164,0
2013-07-07,12961751106,91203819,13052954925,0
2013-07-06,14947486384,133431036,15080917420,0
2013-07-05,13529895649,336730588,13866626237,0
2013-07-04,15115285956,272681800,15387967756,0
2013-07-03,18619294910,703540646,19322835556,0
2013-07-02,14131793691,430777302,14562570993,0
2013-07-01,8827950397,1105955436,9933905833,0
2013-06-30,11786887019,804931300,12591818319,0
2013-06-29,8477708678,101018111,8578726789,0
2013-06-28,11476810724,2756415498,14233226222,0
2013-06-27,12739628830,1967871575,14707500405,0
2013-06-26,9539873395,1263321132,10803194527,0
2013-06-25,465346176,934025279,1399371455,0
2013-06-24,11156304769,1119959077,12276263846,0
2013-06-23,22044015752,68498705,22112514457,0
2013-06-22,7402611464,618738014,8021349478,0
2013-06-21,22334392063,946576195,23280968258,0
2013-06-20,7938082854,1013894317,8951977171,0
2013-06-19,2843710960,2185715578,5029426538,0
2013-06-18,19220633414,3993076863,23213710277,0
2013-06-17,8293704605,1686863596,9980568201,0
2013-06-16,12780318357,250389320,13030707677,0
2013-06-15,6171205189,1242761298,7413966487,0
2013-06-14,11388502007,1891695550,13280197557,0
2013-06-13,7144260310,353072688,7497332998,0
2013-06-12,12428372215,601838697,13030210912,0
2013-06-11,14549268978,604620694,15153889672,0
2013-06-10,10444158769,8963430862,19407589631,0
2013-06-09,8977323447,1825268124,10802591571,0
2013-06-08,7758320034,348208098,8106528132,0
2013-06-07,8245446716,5459851302,13705298018,0
2013-06-06,15974618011,10224895965,26199513976,0
2013-06-05,20294243898,5322283056,25616526954,0
2013-06-04,11567885672,5007330507,16575216179,0
2013-06-03,9657962803,1887024540,11544987343,0
2013-06-02,5431573851,601301825,6032875676,0
2013-06-01,556673754,74842062,631515816,0
2013-05-31,3454506233,6599063657,10053569890,0
2013-05-30,18450405337,6428839120,24879244457,0
2013-05-29,12008708687,5368677070,17377385757,0
2013-05-28,9448076408,2668087852,12116164260,0
2013-05-27,15350210191,2284517629,17634727820,0
2013-05-26,10816980312,129546571,10946526883,0
2013-05-25,7489219687,964490375,8453710062,0
2013-05-24,8830845973,2886941223,11717787196,0
2013-05-23,6421697390,101845352,6523542742,0
2013-05-22,4836430665,622782316,5459212981,0
2013-05-21,9040408410,571842844,9612251254,0
2013-05-20,9592466382,2474563031,12067029413,0
2013-05-19,7506648238,128126559,7634774797,0
2013-05-18,5114455068,543768685,5658223753,0
2013-05-17,15803652145,3484192670,19287844815,0
2013-05-16,8125085391,850014504,8975099895,0
2013-05-15,3712090438,552570965,4264661403,0
2013-05-14,6082960915,778370682,6861331597,0
2013-05-13,12744826955,2663465411,15408292366,0
2013-05-12,7581230525,565273721,8146504246,0
2013-05-11,7701624850,2156269766,9857894616,0
2013-05-10,7533016744,10896381695,18429398439,0
2013-05-09,22400930425,7394445804,29795376229,0
2013-05-08,4492599656,948430748,5441030404,0
2013-05-07,2995769512,1060291329,4056060841,0
2013-05-06,7104518456,3637578962,10742097418,0
2013-05-05,870355448,362165134,1232520582,0
2013-05-04,3118443146,690565365,3809008511,0
2013-05-03,9239727762,2411829134,11651556896,0
2013-05-02,8447158497,1140251183,9587409680,0
2013-05-01,5205430718,701521794,5906952512,0
2013-04-30,10998497613,1077728698,12076226311,0
2013-04-29,8982228792,4359215027,13341443819,0
2013-04-28,9066280313,120088185,9186368498,0
2013-04-27,7607179322,746700665,8353879987,0
2013-04-26,10731665001,2579138863,13310803864,0
2013-04-25,6862068996,916879971,7778948967,0
2013-04-24,6402405477,689802465,7092207942,0
2013-04-23,5747873340,1210817033,6958690373,0
2013-04-22,11167404469,2886667348,14054071817,0
2013-04-21,15791916601,701637820,16493554421,0
2013-04-20,6588195405,648210000,7236405405,0
2013-04-19,5195129833,876163781,6071293614,0
2013-04-18,24766870815,1148938609,25915809424,0
2013-04-17,5185164114,3343107902,8528272016,0
2013-04-16,14226153906,7814261060,22040414966,0
2013-04-15,4103409310,8468951449,12572360759,0
2013-04-14,1100225530,9101344606,10201570136,0
2013-04-13,23681455165,8515764653,32197219818,0
2013-04-12,13967488896,1838902953,15806391849,0
2013-04-11,8274052829,1182392419,9456445248,0
2013-04-10,4759038368,718297658,5477336026,0
2013-04-09,9229023811,1631099092,10860122903,0
2013-04-08,8093199213,2479940103,10573139316,0
2013-04-07,9279258743,231574338,9510833081,0
2013-04-06,8362443111,398257943,8760701054,0
2013-04-05,11261207941,2311771265,13572979206,0
2013-04-04,5019259490,1133910874,6153170364,0
2013-04-03,5748800426,613812856,6362613282,0
2013-04-02,8886542752,1017407406,9903950158,0
2013-04-01,13716955858,3634703107,17351658965,0
2013-03-31,13137006252,546255278,13683261530,0
2013-03-30,13515832643,122057643,13637890286,0
2013-03-29,11971831424,704778358,12676609782,0
2013-03-28,11151827466,1168880390,12320707856,0
2013-03-27,13134256116,977869618,14112125734,0
2013-03-26,16227385961,528909336,16756295297,0
2013-03-25,6678101845,824166242,7502268087,0
2013-03-24,7676764698,808890062,8485654760,0
2013-03-23,13150591769,1772690785,14923282554,0
2013-03-22,5731212196,816151773,6547363969,0
2013-03-21,9681183168,735477891,10416661059,0
2013-03-20,8853259383,502794179,9356053562,0
2013-03-19,6907186215,389407971,7296594186,0
2013-03-18,11249506650,1091866159,12341372809,0
2013-03-17,14510093543,63508334,14573601877,0
2013-03-16,8590266016,494952966,9085218982,0
2013-03-15,14758814902,1439752097,16198566999,0
2013-03-14,8976709861,1252785243,10229495104,0
2013-03-13,6950370552,273723712,7224094264,0
2013-03-12,8983056228,2216291529,11199347757,0
2013-03-11,10271256040,1060273208,11331529248,0
2013-03-10,12950424023,92346880,13042770903,0
2013-03-09,9950094134,1973720673,11923814807,0
2013-03-08,14449840729,1052989864,15502830593,0
2013-03-07,4628074618,9793475213,14421549831,0
2013-03-06,29153578569,3334219941,32487798510,0
2013-03-05,10475126359,449156736,10924283095,0
2013-03-04,16220704709,820836393,17041541102,0
2013-03-03,18349800354,608948603,18958748957,0
2013-03-02,7206426401,490479125,7696905526,0
2013-03-01,9962945553,3747222967,13710168520,0
2013-02-28,12027594419,10085848071,22113442490,0
2013-02-27,23761446709,9843287389,33604734098,0
2013-02-26,16326368183,10125336896,26451705079,0
2013-02-25,41344065715,5854797918,47198863633,0
2013-02-24,11589849973,71506291,11661356264,0
2013-02-23,15289653158,674098511,15963751669,0
2013-02-22,11594581116,1981476010,13576057126,0
2013-02-21,17270399239,490189940,17760589179,0
2013-02-20,14012474782,633178611,14645653393,0
2013-02-19,8113821328,3589135278,11702956606,0
2013-02-18,12115830954,1058211001,13174041955,0
2013-02-17,10960199093,126909218,11087108311,0
2013-02-16,20211756847,2294438629,22506195476,0
2013-02-15,14270106756,1048360168,15318466924,0
2013-02-14,14411601137,547497733,14959098870,0
2013-02-13,14812054770,592395155,15404449925,0
2013-02-12,9378767942,1215521431,10594289373,0
2013-02-11,12890239425,1155734957,14045974382,0
2013-02-10,17708690893,244769829,17953460722,0
2013-02-09,11845747543,1368435946,13214183489,0
2013-02-08,19050524758,2228113594,21278638352,0
2013-02-07,3245141982,468775509,3713917491,0
2013-02-06,26802657396,565601278,27368258674,0
2013-02-05,9491990258,755598847,10247589105,0
2013-02-04,21217047935,1048152477,22265200412,0
2013-02-03,7403431692,8969172380,16372604072,0
2013-02-02,22382394032,7205355230,29587749262,0
2013-02-01,9530212686,2122475495,11652688181,0
2013-01-31,13075221688,3755007634,16830229322,0
2013-01-30,11645475999,7065554917,18711030916,0
2013-01-29,7799781035,663816470,8463597505,0
2013-01-28,12165891020,2134322733,14300213753,0
2013-01-27,9715432200,266645101,9982077301,0
2013-01-26,7931077878,872855009,8803932887,0
2013-01-25,9081318740,939416677,10020735417,0
2013-01-24,8749082192,491556108,9240638300,0
2013-01-23,8773154306,681442413,9454596719,0
2013-01-22,8526369639,8551847546,17078217185,0
2013-01-21,4991988887,7041121740,12033110627,0
2013-01-20,2491117498,9330296474,11821413972,0
2013-01-19,4855521868,9597328597,14452850465,0
2013-01-18,46012883070,3965475144,49978358214,0
2013-01-17,3845174184,511647852,4356822036,0
2013-01-16,6390851691,777876678,7168728369,0
2013-01-15,7125237836,1465860800,8591098636,0
2013-01-14,5556465107,1559032657,7115497764,0
2013-01-13,5949611029,596523387,6546134416,0
2013-01-12,19930473567,2204666596,22135140163,0
2013-01-11,4065323950,2179739292,6245063242,0
2013-01-10,5556013331,1738354625,7294367956,0
2013-01-09,2261322656,3304276418,5565599074,0
2013-01-08,2534596516,9732234408,12266830924,0
2013-01-07,19525981982,1229351542,20755333524,0
2013-01-06,11802822724,75254557,11878077281,0
2013-01-05,7973557976,842605218,8816163194,0
2013-01-04,13643055780,1863654241,15506710021,0
2013-01-03,12420583821,195941406,12616525227,0
2013-01-02,12587712071,74901608,12662613679,0
2013-01-01,18471478064,87199187,18558677251,0
2012-12-31,10912947879,70670178,10983618057,0
2012-12-30,6280619949,65028302,6345648251,0
2012-12-29,19349407151,686746350,20036153501,0
2012-12-28,2855318387,128181919,2983500306,0
2012-12-27,3274212386,109946221,3384158607,0
2012-12-26,1455885880,584475947,2040361827,0
2012-12-25,8455800863,61980406,8517781269,0
2012-12-24,156812119,52564403,209376522,0
2012-12-23,3656956106,62199363,3719155469,0
2012-12-22,8950281737,2493171501,11443453238,0
2012-12-21,15449991788,863358392,16313350180,0
2012-12-20,6031187269,380323725,6411510994,0
2012-12-19,14032262376,493198019,14525460395,0
2012-12-18,10317378002,372996337,10690374339,0
2012-12-17,3870153111,1563170246,5433323357,0
2012-12-16,18310064647,207018529,18517083176,0
2012-12-15,12423685073,2597024530,15020709603,0
2012-12-14,18061153385,2728925582,20790078967,0
2012-12-13,2570203935,1024393193,3594597128,0
2012-12-12,13568942109,1096037687,14664979796,0
2012-12-11,5278399370,1544823255,6823222625,0
2012-12-10,3884352583,1904454067,5788806650,0
2012-12-09,9464058271,155121018,9619179289,0
2012-12-08,9325878177,2100302735,11426180912,0
2012-12-07,13582002026,4565288032,18147290058,0
2012-12-06,2190090686,827082728,3017173414,0
2012-12-05,25248241177,5765114240,31013355417,0
2012-12-04,3035175305,8876193087,11911368392,0
2012-12-03,4213440986,8636081761,12849522747,0
2012-12-02,18046341350,6468845826,24515187176,0
2012-12-01,11441081407,3503828447,14944909854,0
2012-11-30,19358708760,7850951108,27209659868,0
2012-11-29,16546575068,9199843978,25746419046,0
2012-11-28,31943754415,6470686641,38414441056,0
2012-11-27,5008471343,6711801350,11720272693,0
2012-11-26,6757539117,9230192728,15987731845,0
2012-11-25,25654797034,2450290977,28105088011,0
2012-11-24,28959271805,3079658505,32038930310,0
2012-11-23,15946357932,1913493867,17859851799,0
2012-11-22,14981829226,1319938748,16301767974,0
2012-11-21,13464747524,2622593545,16087341069,0
2012-11-20,9249463864,580393461,9829857325,0
2012-11-19,11023687077,2031297849,13054984926,0
2012-11-18,16164454628,379510125,16543964753,0
2012-11-17,29708070958,2690883171,32398954129,0
2012-11-16,11219615702,3165158969,14384774671,0
2012-11-15,25229059038,3635928705,28864987743,0
2012-11-14,9910613645,3453586752,13364200397,0
2012-11-13,24745726378,1006852534,25752578912,0
2012-11-12,7465361828,2141777721,9607139549,0
2012-11-11,10968721966,3983037679,14951759645,0
2012-11-10,10047386409,3884584850,13931971259,0
2012-11-09,8489995580,4106632065,12596627645,0
2012-11-08,10245865849,751292419,10997158268,0
2012-11-07,10065672190,2705610212,12771282402,0
2012-11-06,20692090554,1329981321,22022071875,0
2012-11-05,5079809416,1622673318,6702482734,0
2012-11-04,10746365049,975821886,11722186935,0
2012-11-03,8966777515,1705869200,10672646715,0
2012-11-02,12020397162,4104544348,16124941510,0
2012-11-01,10788705233,1141961841,11930667074,0
2012-10-31,13210881773,2448802641,15659684414,0
2012-10-30,14829064671,4898993327,19728057998,0
2012-10-29,9598923977,1700444956,11299368933,0
2012-10-28,3381030940,2545233426,5926264366,0
2012-10-27,20448437604,6771346575,27219784179,0
2012-10-26,15215348387,2468480841,17683829228,0
2012-10-25,11707310501,993314363,12700624864,0
2012-10-24,8133259687,3128649449,11261909136,0
2012-10-23,5459628237,921422046,6381050283,0
2012-10-22,5681406143,1314753075,6996159218,0
2012-10-21,6378688944,443646855,6822335799,0
2012-10-20,4402599130,9533752753,13936351883,0
2012-10-19,21557093944,8763216228,30320310172,0
2012-10-18,5318827602,4645500352,9964327954,0
2012-10-17,16810618181,3975333862,20785952043,0
2012-10-16,9005334943,1325636674,10330971617,0
2012-10-15,10010679407,1151939809,11162619216,0
2012-10-14,9063247612,136886466,9200134078,0
2012-10-13,14840708642,3157043766,17997752408,0
2012-10-12,3987296276,2503997393,6491293669,0
2012-10-11,15561944681,951138315,16513082996,0
2012-10-10,10414606053,1027117338,11441723391,0
2012-10-09,10662190427,904502446,11566692873,0
2012-10-08,26525196230,1433091057,27958287287,0
2012-10-07,4694845393,3483911057,8178756450,0
2012-10-06,18605363240,4159522368,22764885608,0
2012-10-05,14478647467,1228959385,15707606852,0
2012-10-04,7496051526,2850081963,10346133489,0
2012-10-03,6903130001,963684720,7866814721,0
2012-10-02,6145754605,986418601,7132173206,0
2012-10-01,14945223563,1263233579,16208457142,0
2012-09-30,10356818801,4048088416,14404907217,0
2012-09-29,11422181905,1869823883,13292005788,0
2012-09-28,5446813622,1338132501,6784946123,0
2012-09-27,8160642194,1275028562,9435670756,0
2012-09-26,8805155815,492146023,9297301838,0
2012-09-25,5054559383,416466477,5471025860,0
2012-09-24,7021071879,287990345,7309062224,0
2012-09-23,7933736966,115393744,8049130710,0
2012-09-22,14947300824,842837973,15790138797,0
2012-09-21,8460691462,661776522,9122467984,0
2012-09-20,8382514265,1440415604,9822929869,0
2012-09-19,8611332567,1083608134,9694940701,0
2012-09-18,8701784265,533899669,9235683934,0
2012-09-17,4834867545,1342918603,6177786148,0
2012-09-16,10600456166,87455196,10687911362,0
2012-09-15,6447488445,441895706,6889384151,0
2012-09-14,1908689108,108588263,2017277371,0
2012-09-13,6520276408,174541214,6694817622,0
2012-09-12,2320942890,93584703,2414527593,0
2012-09-11,5060290536,94312220,5154602756,0
2012-09-10,3455751773,444633338,3900385111,0
2012-09-09,2439011457,93056026,2532067483,0
2012-09-08,7591215079,1004077325,8595292404,0
2012-09-07,4502648777,830976859,5333625636,0
2012-09-06,7124794266,645398939,7770193205,0
2012-09-05,4258303468,702403666,4960707134,0
2012-09-04,3262572895,667383884,3929956779,0
2012-09-03,5731444381,8160549335,13891993716,0
2012-09-02,9617877323,1480759370,11098636693,0
2012-09-01,6799380436,5721016100,12520396536,0
2012-08-31,1069994128,763003412,1832997540,0
2012-08-30,2307111497,561597998,2868709495,0
2012-08-29,3952327476,769924067,4722251543,0
2012-08-28,3974893789,1739764387,5714658176,0
2012-08-27,3366399636,2440103720,5806503356,0
2012-08-26,420632675,60204823,480837498,0
2012-08-25,4932920894,735534146,5668455040,0
2012-08-24,1708169200,541422681,2249591881,0
2012-08-23,1988979869,1271088375,3260068244,0
2012-08-22,1482002158,77655843,1559658001,0
2012-08-21,1018502380,74204856,1092707236,0
2012-08-20,8393056420,6600285667,14993342087,0
2012-08-19,4394208192,269810991,4664019183,0
2012-08-18,11178648609,1149112094,12327760703,0
2012-08-17,9668901214,2264921238,11933822452,0
2012-08-16,2200662417,958380979,3159043396,0
2012-08-15,3326378270,1126109839,4452488109,0
2012-08-14,6827339346,6568213748,13395553094,0
2012-08-13,13088936280,3282173239,16371109519,0
2012-08-12,7484380601,4330129132,11814509733,0
2012-08-11,7060109608,1341995457,8402105065,0
2012-08-10,3718856035,1477866420,5196722455,0
2012-08-09,3035761726,1439936023,4475697749,0
2012-08-08,2246761599,848211408,3094973007,0
2012-08-07,1766879094,521040860,2287919954,0
2012-08-06,21507673700,4162797578,25670471278,0
2012-08-05,5641439260,7998502997,13639942257,0
2012-08-04,30734550362,5906909389,36641459751,0
2012-08-03,4417417727,950046721,5367464448,0
2012-08-02,5112258394,731863106,5844121500,0
2012-08-01,4618589500,584647352,5203236852,0
2012-07-31,4861339436,550092396,5411431832,0
2012-07-30,5951057937,641046553,6592104490,0
2012-07-29,3561038356,71356261,3632394617,0
2012-07-28,5152285077,1840412133,6992697210,0
2012-07-27,2026361479,949768163,2976129642,0
2012-07-26,902253852,559637719,1461891571,0
2012-07-25,4451791071,454806878,4906597949,0
2012-07-24,2765068300,1938384668,4703452968,0
2012-07-23,6982402869,1197823504,8180226373,0
2012-07-22,5070412614,99389014,5169801628,0
2012-07-21,12442157589,103027602,12545185191,0
2012-07-20,38347828133,1370011985,39717840118,0
2012-07-19,3409393484,685068556,4094462040,0
2012-07-18,19929758848,576680967,20506439815,0
2012-07-17,7627038026,932872487,8559910513,0
2012-07-16,5500736629,1216228593,6716965222,0
2012-07-15,23735830447,98690272,23834520719,0
2012-07-14,3333456377,476824409,3810280786,0
2012-07-13,12601551965,650097235,13251649200,0
2012-07-12,13094727346,226647142,13321374488,0
2012-07-11,4866177644,58825569,4925003213,0
2012-07-10,12807224370,703887126,13511111496,0
2012-07-09,6251929372,592116409,6844045781,0
2012-07-08,4227794536,104097435,4331891971,0
2012-07-07,10091761109,692936746,10784697855,0
2012-07-06,12744885283,79390493,12824275776,0
2012-07-05,10831102484,648930635,11480033119,0
2012-07-04,25702268994,167180517,25869449511,0
2012-07-03,15797869841,571274464,16369144305,0
2012-07-02,9700503508,601881826,10302385334,0
2012-07-01,23383397290,69472391,23452869681,0
2012-06-30,4740940158,906688770,5647628928,0
2012-06-29,5219173851,950603356,6169777207,0
2012-06-28,24036962326,636625269,24673587595,0
2012-06-27,5793357300,494650793,6288008093,0
2012-06-26,15348238553,1133139753,16481378306,0
2012-06-25,12142826512,5816892039,17959718551,0
2012-06-24,11300169935,7295333494,18595503429,0
2012-06-23,2152335097,7701169186,9853504283,0
2012-06-22,33196733815,7160249871,40356983686,0
2012-06-21,14278952531,5428662198,19707614729,0
2012-06-20,15464030448,1199071830,16663102278,0
2012-06-19,7872346218,1499544155,9371890373,0
2012-06-18,8666159048,967118767,9633277815,0
2012-06-17,4883889536,87564473,4971454009,0
2012-06-16,7844055159,744833412,8588888571,0
2012-06-15,16707802374,1276521143,17984323517,0
2012-06-14,8834386208,454217624,9288603832,0
2012-06-13,3412833481,1507348615,4920182096,0
2012-06-12,9111049294,1687040816,10798090110,0
2012-06-11,9170713151,370601950,9541315101,0
2012-06-10,5797785867,80456801,5878242668,0
2012-06-09,2466311953,813578596,3279890549,0
2012-06-08,2389222389,1273731084,3662953473,0
2012-06-07,5770604262,2492233484,8262837746,0
2012-06-06,5860177994,570709460,6430887454,0
2012-06-05,3576044470,1117420438,4693464908,0
2012-06-04,10746976270,2233127246,12980103516,0
2012-06-03,819274137,70605395,889879532,0
2012-06-02,5916732756,6052988358,11969721114,0
2012-06-01,9714063751,1101086600,10815150351,0
2012-05-31,13004976225,771551331,13776527556,0
2012-05-30,7709425400,4188249452,11897674852,0
2012-05-29,12246176536,8193987702,20440164238,0
2012-05-28,9325541023,5930738704,15256279727,0
2012-05-27,8620442845,5741072704,14361515549,0
2012-05-26,10730940488,7987136233,18718076721,0
2012-05-25,21043050234,7884714517,28927764751,0
2012-05-24,19528236183,3872002238,23400238421,0
2012-05-23,13395984033,2130136017,15526120050,0
2012-05-22,7676751276,689452124,8366203400,0
2012-05-21,10851698974,7500253221,18351952195,0
2012-05-20,5448315066,8916524989,14364840055,0
2012-05-19,23839925259,8656900619,32496825878,0
2012-05-18,8597337479,10765967002,19363304481,0
2012-05-17,28482404730,2937039424,31419444154,0
2012-05-16,6634431831,484674398,7119106229,0
2012-05-15,9179169931,631392214,9810562145,0
2012-05-14,8481978254,2146472418,10628450672,0
2012-05-13,17722866405,105229399,17828095804,0
2012-05-12,7045321615,2025570971,9070892586,0
2012-05-11,15258511107,1893170096,17151681203,0
2012-05-10,17498650880,5917301167,23415952047,0
2012-05-09,6106189054,404673461,6510862515,0
2012-05-08,4755332221,1381345424,6136677645,0
2012-05-07,6083225436,4303858526,10387083962,0
2012-05-06,1071593742,143984962,1215578704,0
2012-05-05,3241356986,2473028907,5714385893,0
2012-05-04,5663437279,1376218354,7039655633,0
2012-05-03,5068125108,421984133,5490109241,0
2012-05-02,5525970320,438472997,5964443317,0
2012-05-01,3094343947,1801247015,4895590962,0
2012-04-30,8245174020,5412505665,13657679685,0
2012-04-29,3187867508,578840418,3766707926,0
2012-04-28,9791628467,1565243261,11356871728,0
2012-04-27,19333165531,5854349633,25187515164,0
2012-04-26,22308283725,1393017708,23701301433,0
2012-04-25,9300547310,852543646,10153090956,0
2012-04-24,4301371705,1318421756,5619793461,0
2012-04-23,6862513828,1803198787,8665712615,0
2012-04-22,660960625,7048914182,7709874807,0
2012-04-21,3417487486,8556430152,11973917638,0
2012-04-20,11891397681,8783636208,20675033889,0
2012-04-19,7359784307,8977880864,16337665171,0
2012-04-18,8907957952,8468837723,17376795675,0
2012-04-17,46399432190,6188072798,52587504988,0
2012-04-16,4499938295,1670920669,6170858964,0
2012-04-15,6917313322,92968150,7010281472,0
2012-04-14,8805719201,2061052332,10866771533,0
2012-04-13,8987300025,2099547829,11086847854,0
2012-04-12,9031147771,2050719458,11081867229,0
2012-04-11,8148747820,4660956697,12809704517,0
2012-04-10,3867648894,6258923465,10126572359,0
2012-04-09,24168046351,7860962238,32029008589,0
2012-04-08,3271074986,113124993,3384199979,0
2012-04-07,7690011394,5405707858,13095719252,0
2012-04-06,13419640029,8388528623,21808168652,0
2012-04-05,11125560705,7456439325,18582000030,0
2012-04-04,1936952276,10593093458,12530045734,0
2012-04-03,2067418901,8309248178,10376667079,0
2012-04-02,4590656935,8690607896,13281264831,0
2012-04-01,17594529087,8134732791,25729261878,0
2012-03-31,38721747701,5493634332,44215382033,0
2012-03-30,3253701208,1145811901,4399513109,0
2012-03-29,6874095906,1135002377,8009098283,0
2012-03-28,5980953370,690890901,6671844271,0
2012-03-27,3394978714,3465885014,6860863728,0
2012-03-26,3770502550,551535929,4322038479,0
2012-03-25,1173639626,247787920,1421427546,0
2012-03-24,1029983446,1764759567,2794743013,0
2012-03-23,6218340836,596590868,6814931704,0
2012-03-22,9099519224,732451272,9831970496,0
2012-03-21,3634517703,2504316233,6138833936,0
2012-03-20,2160104559,8329155393,10489259952,0
2012-03-19,4594981025,8230828718,12825809743,0
2012-03-18,4057439528,10533133510,14590573038,0
2012-03-17,1593777138,8804624543,10398401681,0
2012-03-16,6319206753,10334364513,16653571266,0
2012-03-15,62334818333,5653265847,67988084180,0
2012-03-14,16683808937,2173669761,18857478698,0
2012-03-13,9472300577,1921490763,11393791340,0
2012-03-12,9222962049,999719317,10222681366,0
2012-03-11,34302734315,551949701,34854684016,0
2012-03-10,3226013640,885151822,4111165462,0
2012-03-09,17836833237,2108182268,19945015505,0
2012-03-08,15619879376,1854562313,17474441689,0
2012-03-07,24601017126,1379210034,25980227160,0
2012-03-06,6574083328,1669534979,8243618307,0
2012-03-05,6093652247,1041756218,7135408465,0
2012-03-04,4824124699,164901418,4989026117,0
2012-03-03,7129538428,1760533189,8890071617,0
2012-03-02,13311124724,947966705,14259091429,0
2012-03-01,11957987085,2701999561,14659986646,0
2012-02-29,11907406173,519735857,12427142030,0
2012-02-28,10426767495,3218653123,13645420618,0
2012-02-27,5013784091,143651537,5157435628,0
2012-02-26,9515343550,1340241170,10855584720,0
2012-02-25,10160953033,1012519983,11173473016,0
2012-02-24,13579475418,2280752918,15860228336,0
2012-02-23,15278577845,7196014288,22474592133,0
2012-02-22,4080727027,543506672,4624233699,0
2012-02-21,9613131980,897007336,10510139316,0
2012-02-20,4328053368,1134438149,5462491517,0
2012-02-19,3195583162,119009681,3314592843,0
2012-02-18,8850672330,3618572354,12469244684,0
2012-02-17,9996173128,2814155689,12810328817,0
2012-02-16,7903136855,372049427,8275186282,0
2012-02-15,11411339373,565744128,11977083501,0
2012-02-14,9237329580,2624163631,11861493211,0
2012-02-13,11680443928,3186225138,14866669066,0
2012-02-12,5653783657,1820746214,7474529871,0
2012-02-11,10397500853,1692232655,12089733508,0
2012-02-10,11801678742,2382745569,14184424311,0
2012-02-09,8700005843,7038211291,15738217134,0
2012-02-08,12385141483,176655004,12561796487,0
2012-02-07,11988618278,3060555956,15049174234,0
2012-02-06,10612992418,719903009,11332895427,0
2012-02-05,3906204556,117591721,4023796277,0
2012-02-04,4138772127,2895703850,7034475977,0
2012-02-03,8017150420,1887043037,9904193457,0
2012-02-02,15728067070,1018987107,16747054177,0
2012-02-01,9806704778,3413190672,13219895450,0
2012-01-31,2362585035,765973403,3128558438,0
2012-01-30,12558202977,2103953116,14662156093,0
2012-01-29,12287980300,6478368910,18766349210,0
2012-01-28,13661778485,3917205169,17578983654,0
2012-01-27,19028506612,1808215695,20836722307,0
2012-01-26,6884899510,591409152,7476308662,0
2012-01-25,12764143866,2894465866,15658609732,0
2012-01-24,10254882641,3798631181,14053513822,0
2012-01-23,14062383536,352769481,14415153017,0
2012-01-22,7264434323,82954153,7347388476,0
2012-01-21,11028434616,5105948545,16134383161,0
2012-01-20,11162806732,1916688343,13079495075,0
2012-01-19,7539984825,775249237,8315234062,0
2012-01-18,3698303545,484664908,4182968453,0
2012-01-17,7073600040,1123160071,8196760111,0
2012-01-16,8013347564,934206319,8947553883,0
2012-01-15,8637795265,696897813,9334693078,0
2012-01-14,4137181822,2864487584,7001669406,0
2012-01-13,12396798473,1565742049,13962540522,0
2012-01-12,12439566716,1060596314,13500163030,0
2012-01-11,11902317568,505366646,12407684214,0
2012-01-10,24660855376,1398084517,26058939893,0
2012-01-09,23229570420,3332266567,26561836987,0
2012-01-08,5630170143,62756199,5692926342,0
2012-01-07,1946256713,5444379884,7390636597,0
2012-01-06,5941187179,7369221902,13310409081,0
2012-01-05,5157336492,8445925528,13603262020,0
2012-01-04,11068366243,8408602336,19476968579,0
2012-01-03,44919479636,5953425281,50872904917,0
2012-01-02,18218038507,2057414132,20275452639,0
2012-01-01,22787297203,3628160665,26415457868,0
2011-12-31,14267001334,2560423191,16827424525,0
2011-12-30,10510734046,5483976306,15994710352,0
2011-12-29,15712493242,4935857839,20648351081,0
2011-12-28,23647567721,7301775591,30949343312,0
2011-12-27,12818799327,8241293175,21060092502,0
2011-12-26,17172089013,7997235435,25169324448,0
2011-12-25,55089418765,7345437494,62434856259,0
2011-12-24,17104610003,8391964670,25496574673,0
2011-12-23,31362243621,8008275762,39370519383,0
2011-12-22,48262302934,9164565422,57426868356,0
2011-12-21,30683606971,8138375177,38821982148,0
2011-12-20,49956673188,6473021403,56429694591,0
2011-12-19,14749902785,3260553261,18010456046,0
2011-12-18,23321578453,962626413,24284204866,0
2011-12-17,18361948510,3776099706,22138048216,0
2011-12-16,14195590554,5205514500,19401105054,0
2011-12-15,2782183622,6208535086,8990718708,0
2011-12-14,7938443096,5399827520,13338270616,0
2011-12-13,2368209512,6730164989,9098374501,0
2011-12-12,4325753682,6390239728,10715993410,0
2011-12-11,1911246043,6429539133,8340785176,0
2011-12-10,4572650104,6281925582,10854575686,0
2011-12-09,4211287333,4090634407,8301921740,0
2011-12-08,3379184513,3454097795,6833282308,0
2011-12-07,2709881173,6401612734,9111493907,0
2011-12-06,2562020526,5578968869,8140989395,0
2011-12-05,2109083686,3887969317,5997053003,0
2011-12-04,1260030763,5535022760,6795053523,0
2011-12-03,1398674164,3711863668,5110537832,0
2011-12-02,1761163053,3583337132,5344500185,0
2011-12-01,4215554944,4246440020,8461994964,0
2011-11-30,2477126996,5417017360,7894144356,0
2011-11-29,2302009019,3009625316,5311634335,0
2011-11-28,10550255428,5777481717,16327737145,0
2011-11-27,2545490199,6522436782,9067926981,0
2011-11-26,1901819243,2871913955,4773733198,0
2011-11-25,9015661620,6771529402,15787191022,0
2011-11-24,9657377243,2082771399,11740148642,0
2011-11-23,15904311217,3137365121,19041676338,0
2011-11-22,9093066026,1661398957,10754464983,0
2011-11-21,9862480428,3256113726,13118594154,0
2011-11-20,4469698398,138671604,4608370002,0
2011-11-19,0,0,0,0
2011-11-18,0,0,0,0
2011-11-17,0,0,0,0
2011-11-16,0,0,0,0
2011-11-15,0,0,0,0
2011-11-14,0,0,0,0
2011-11-13,0,0,0,0
2011-11-12,0,0,0,0
2011-11-11,0,0,0,0
2011-11-10,0,0,0,0
2011-11-09,0,0,0,0
2011-11-08,0,0,0,0
2011-11-07,0,0,0,0
2011-11-06,0,0,0,0
2011-11-05,0,0,0,0
2011-11-04,0,0,0,0
2011-11-03,0,0,0,0
2011-11-02,0,0,0,0
2011-11-01,0,0,0,0
2011-10-31,0,0,0,0
2011-10-30,1066911657,92005899,1158917556,0
2011-10-29,2632958481,1657248604,4290207085,0
2011-10-28,2696040818,2435017155,5131057973,0
2011-10-27,1049546745,916103510,1965650255,0
2011-10-26,766456090,983950784,1750406874,0
2011-10-25,1655802345,3001584947,4657387292,0
2011-10-24,5763573602,6889860309,12653433911,0
2011-10-23,7894871934,7654926642,15549798576,0
2011-10-22,6269491210,4308460314,10577951524,0
2011-10-21,3779943683,1847556025,5627499708,0
2011-10-20,2036194014,5213708432,7249902446,0
2011-10-19,2815828355,4168521867,6984350222,0
2011-10-18,3135925944,1850720738,4986646682,0
2011-10-17,704183655,2711731403,3415915058,0
2011-10-16,1518758093,7361105024,8879863117,0
2011-10-15,5720565900,8087116886,13807682786,0
2011-10-14,23906327119,5840852213,29747179332,0
2011-10-13,1233616572,631067153,1864683725,0
2011-10-12,2472827291,1360400555,3833227846,0
2011-10-11,1398423228,979553308,2377976536,0
2011-10-10,2484876422,805593700,3290470122,0
2011-10-09,56384488,57967963,114352451,0
2011-10-08,3617619690,3498352713,7115972403,0
2011-10-07,2447614949,2243559544,4691174493,0
2011-10-06,1210106835,90321527,1300428362,0
2011-10-05,1090214789,372803490,1463018279,0
2011-10-04,2108370371,629808377,2738178748,0
2011-10-03,1580520487,1415712589,2996233076,0
2011-10-02,163595276,68821309,232416585,0
2011-10-01,3446163370,2787309707,6233473077,0
2011-09-30,2219397828,1571759387,3791157215,0
2011-09-29,4994514817,1292420490,6286935307,0
2011-09-28,1440132445,223835145,1663967590,0
2011-09-27,3853004712,3304552729,7157557441,0
2011-09-26,2358197187,4313735314,6671932501,0
2011-09-25,1794493697,4635699472,6430193169,0
2011-09-24,3807403032,6053446821,9860849853,0
2011-09-23,6677891759,5527761124,12205652883,0
2011-09-22,4636046051,1172328608,5808374659,0
2011-09-21,2155052674,111706350,2266759024,0
2011-09-20,2301693965,924231342,3225925307,0
2011-09-19,1117707074,532329185,1650036259,0
2011-09-18,611469836,48411761,659881597,0
2011-09-17,1587608733,1016213554,2603822287,0
2011-09-16,1610911067,947235001,2558146068,0
2011-09-15,1999264412,577829654,2577094066,0
2011-09-14,2378346665,995580731,3373927396,0
2011-09-13,10687841574,1040831780,11728673354,0
2011-09-12,9075100970,821622146,9896723116,0
2011-09-11,1414250777,336263440,1750514217,0
2011-09-10,969776306,562853955,1532630261,0
2011-09-09,5639066765,1892681959,7531748724,0
2011-09-08,1467721661,293153190,1760874851,0
2011-09-07,1098884672,502702530,1601587202,0
2011-09-06,276108706,62505208,338613914,0
2011-09-05,1614102230,509844281,2123946511,0
2011-09-04,304391198,65599635,369990833,0
2011-09-03,1567054958,305876211,1872931169,0
2011-09-02,729543758,491179965,1220723723,0
2011-09-01,798954070,4337653666,5136607736,0
2011-08-31,10350870945,3445420892,13796291837,0
2011-08-30,1844487161,697130999,2541618160,0
2011-08-29,1231262950,1109135548,2340398498,0
2011-08-28,764507009,55251933,819758942,0
2011-08-27,138175986,288587176,426763162,0
2011-08-26,2480854687,910997901,3391852588,0
2011-08-25,1932101080,221021236,2153122316,0
2011-08-24,425235741,492402203,917637944,0
2011-08-23,3349852847,838161867,4188014714,0
2011-08-22,1718240592,1028443644,2746684236,0
2011-08-21,387801097,673942593,1061743690,0
2011-08-20,1734346296,256594987,1990941283,0
2011-08-19,1772142541,1558417363,3330559904,0
2011-08-18,464590792,957432753,1422023545,0
2011-08-17,2159427679,1122285954,3281713633,0
2011-08-16,2710324661,1590535002,4300859663,0
2011-08-15,1961081625,1565075384,3526157009,0
2011-08-14,2559379107,675777069,3235156176,0
2011-08-13,676324557,85618959,761943516,0
2011-08-12,1900423284,1122509020,3022932304,0
2011-08-11,1254618985,871738192,2126357177,0
2011-08-10,678817138,481714791,1160531929,0
2011-08-09,1698188192,1069989339,2768177531,0
2011-08-08,1791409023,1304231279,3095640302,0
2011-08-07,1063985057,2655853919,3719838976,0
2011-08-06,6178358488,2345206833,8523565321,0
2011-08-05,2754744321,1365898228,4120642549,0
2011-08-04,1563577122,712595316,2276172438,0
2011-08-03,1407215295,592715404,1999930699,0
2011-08-02,2471827823,1234332932,3706160755,0
2011-08-01,3367114583,1956772804,5323887387,0
2011-07-31,1669964857,501517204,2171482061,0
2011-07-30,1582962759,1443190881,3026153640,0
2011-07-29,887190652,478519174,1365709826,0
2011-07-28,750549418,492548134,1243097552,0
2011-07-27,1840076838,517244735,2357321573,0
2011-07-26,1650433470,1301326478,2951759948,0
2011-07-25,3838812691,3551433491,7390246182,0
2011-07-24,964559234,3329095571,4293654805,0
2011-07-23,11838201995,7748838756,19587040751,0
2011-07-22,7808424655,3430326492,11238751147,0
2011-07-21,5256604735,2768973796,8025578531,0
2011-07-20,1633223696,653759508,2286983204,0
2011-07-19,3282899135,1863809020,5146708155,0
2011-07-18,5036913025,3461723234,8498636259,0
2011-07-17,667032717,4045492006,4712524723,0
2011-07-16,6734884739,7789332136,14524216875,0
2011-07-15,3220641237,5839391214,9060032451,0
2011-07-14,1202465353,6674920146,7877385499,0
2011-07-13,7108747485,6835689952,13944437437,0
2011-07-12,3968260675,6901569201,10869829876,0
2011-07-11,1625834017,6864451244,8490285261,0
2011-07-10,2067230761,6824487030,8891717791,0
2011-07-09,1331253185,8430773962,9762027147,0
2011-07-08,2595721834,6958149032,9553870866,0
2011-07-07,1402901367,4495514502,5898415869,0
2011-07-06,1001015369,7546799362,8547814731,0
2011-07-05,402275560,8367408694,8769684254,0
2011-07-04,2592673076,5573701512,8166374588,0
2011-07-03,488587180,7956939825,8445527005,0
2011-07-02,11915271550,8059743173,19975014723,0
2011-07-01,6467121394,7565026974,14032148368,0
2011-06-30,2972870746,7617849396,10590720142,0
2011-06-29,2311039640,7437644578,9748684218,0
2011-06-28,5527374332,8295528393,13822902725,0
2011-06-27,1680230709,8879281840,10559512549,0
2011-06-26,1671651460,8115813944,9787465404,0
2011-06-25,2099141623,8186653704,10285795327,0
2011-06-24,6809021257,7907960279,14716981536,0
2011-06-23,5537222411,7519908120,13057130531,0
2011-06-22,52466676158,6540856363,59007532521,0
2011-06-21,8899869262,7582160861,16482030123,0
2011-06-20,733008626,6690446841,7423455467,0
2011-06-19,1810000233,5361068168,7171068401,0
2011-06-18,2114868527,7317507109,9432375636,0
2011-06-17,1289015200,7627243752,8916258952,0
2011-06-16,2133395711,6697045043,8830440754,0
2011-06-15,15790796799,5435191657,21225988456,0
2011-06-14,4969804479,7638001033,12607805512,0
2011-06-13,4528932323,7307458933,11836391256,0
2011-06-12,7608518825,5536989608,13145508433,0
2011-06-11,1531345998,4018743255,5550089253,0
2011-06-10,1636502264,5931647648,7568149912,0
2011-06-09,2867996293,5824929173,8692925466,0
2011-06-08,2580785673,5854497208,8435282881,0
2011-06-07,1303985551,2875738782,4179724333,0
2011-06-06,589499240,5443511629,6033010869,0
2011-06-05,1118456607,5782940551,6901397158,0
2011-06-04,2396053386,4324538827,6720592213,0
2011-06-03,2209187708,3480070260,5689257968,0
2011-06-02,1391647081,5160105373,6551752454,0
2011-06-01,1280610073,8105122470,9385732543,0
2011-05-31,8998919444,3436052058,12434971502,0
2011-05-30,595528708,1002840804,1598369512,0
2011-05-29,580222812,4709221751,5289444563,0
2011-05-28,969276304,6711346873,7680623177,0
2011-05-27,1279711002,5954063514,7233774516,0
2011-05-26,1484540019,4734295534,6218835553,0
2011-05-25,1823662065,6700902432,8524564497,0
2011-05-24,5578047848,7318837324,12896885172,0
2011-05-23,1654987231,7331073636,8986060867,0
2011-05-22,6544703958,5629390886,12174094844,0
2011-05-21,2793272262,7707595514,10500867776,0
2011-05-20,4640705545,6983377080,11624082625,0
2011-05-19,7650813749,7578263015,15229076764,0
2011-05-18,3239387230,5427137909,8666525139,0
2011-05-17,2520745386,7151373881,9672119267,0
2011-05-16,1658790697,5415743009,7074533706,0
2011-05-15,639202771,4314468333,4953671104,0
2011-05-14,1998170566,6810274761,8808445327,0
2011-05-13,1685807378,7831182520,9516989898,0
2011-05-12,2346908831,7532343080,9879251911,0
2011-05-11,1779412235,7841346935,9620759170,0
2011-05-10,5369582061,6930241796,12299823857,0
2011-05-09,2073542833,4750667221,6824210054,0
2011-05-08,6077659458,6742390932,12820050390,0
2011-05-07,3830520831,7242978606,11073499437,0
2011-05-06,5099243121,7885765604,12985008725,0
2011-05-05,13998499201,7010420746,21008919947,0
2011-05-04,1594923134,4925222639,6520145773,0
2011-05-03,3883494292,7984940177,11868434469,0
2011-05-02,730985367,6836691537,7567676904,0
2011-05-01,1559181381,7535712674,9094894055,0
2011-04-30,32835688864,7331028800,40166717664,0
2011-04-29,71951973840,6591014550,78542988390,0
2011-04-28,96429568370,5406217307,101835785677,0
2011-04-27,5813251271,7206763187,13020014458,0
2011-04-26,2958108548,7821606975,10779715523,0
2011-04-25,14876353336,7803285770,22679639106,0
2011-04-24,58266385620,6757199236,65023584856,0
2011-04-23,28283540742,5923251751,34206792493,0
2011-04-22,9654763504,3390722036,13045485540,0
2011-04-21,1062937843,96181488,1159119331,0
2011-04-20,898051513,108259565,1006311078,0
2011-04-19,2692449786,2063738588,4756188374,0
2011-04-18,2295289112,1280464010,3575753122,0
2011-04-17,3476720267,959609435,4436329702,0
2011-04-16,2893065687,2042862928,4935928615,0
2011-04-15,2137280579,619607344,2756887923,0
2011-04-14,1273360968,706076550,1979437518,0
2011-04-13,1268839566,529926471,1798766037,0
2011-04-12,3705657332,2665206380,6370863712,0
2011-04-11,911090928,694560902,1605651830,0
2011-04-10,789791660,136863109,926654769,0
2011-04-09,1306474884,746610501,2053085385,0
2011-04-08,2354680152,2581423380,4936103532,0
2011-04-07,1653377112,799519448,2452896560,0
2011-04-06,1921273682,1688009508,3609283190,0
2011-04-05,2935189805,2840141137,5775330942,0
2011-04-04,1194423398,687238077,1881661475,0
2011-04-03,853881715,2920252738,3774134453,0
2011-04-02,10611859513,7194220712,17806080225,0
2011-04-01,1502522161,1335538557,2838060718,0
2011-03-31,1336150782,857349407,2193500189,0
2011-03-30,2286746135,784602350,3071348485,0
2011-03-29,4483346614,3698646677,8181993291,0
2011-03-28,621065817,416281885,1037347702,0
2011-03-27,1118940911,103864383,1222805294,0
2011-03-26,3214523811,2299361685,5513885496,0
2011-03-25,1450646454,937086592,2387733046,0
2011-03-24,1266391687,2589747745,3856139432,0
2011-03-23,6150402812,7692003607,13842406419,0
2011-03-22,4039498737,8124463018,12163961755,0
2011-03-21,4313565817,7986086082,12299651899,0
2011-03-20,13332181774,7680500987,21012682761,0
2011-03-19,17352791988,6443972830,23796764818,0
2011-03-18,1952886272,1975182493,3928068765,0
2011-03-17,1199404512,8175705134,9375109646,0
2011-03-16,9788432184,7697190581,17485622765,0
2011-03-15,13201525984,4539697604,17741223588,0
2011-03-14,1239879698,530637027,1770516725,0
2011-03-13,1398803314,1220374953,2619178267,0
2011-03-12,2820979324,2369082040,5190061364,0
2011-03-11,3603243728,1375961347,4979205075,0
2011-03-10,1625961982,6764285898,8390247880,0
2011-03-09,5998620786,3728262770,9726883556,0
2011-03-08,8051224996,3067942471,11119167467,0
2011-03-07,2821128835,1371923236,4193052071,0
2011-03-06,545831292,177156203,722987495,0
2011-03-05,1028837979,348571360,1377409339,0
2011-03-04,2412279637,1971987923,4384267560,0
2011-03-03,2635307331,586304635,3221611966,0
2011-03-02,2295082837,1129186498,3424269335,0
2011-03-01,6635201600,3149606510,9784808110,0
2011-02-28,854801207,268359668,1123160875,0
2011-02-27,530681481,92118041,622799522,0
2011-02-26,1767230760,1392815460,3160046220,0
2011-02-25,7045110666,7335507369,14380618035,0
2011-02-24,2207867482,8035337176,10243204658,0
2011-02-23,3750746319,7749784567,11500530886,0
2011-02-22,17547688167,5037297952,22584986119,0
2011-02-21,2053812749,1692020139,3745832888,0
2011-02-20,593339489,369422274,962761763,0
2011-02-19,7811107200,3268104551,11079211751,0
2011-02-18,6091961636,6379568527,12471530163,0
2011-02-17,5955912341,5604370808,11560283149,0
2011-02-16,4702325868,1139570914,5841896782,0
2011-02-15,2322462397,1360255765,3682718162,0
2011-02-14,1288905916,908904948,2197810864,0
2011-02-13,523338319,67051760,590390079,0
2011-02-12,3410295401,2090123153,5500418554,0
2011-02-11,1440266440,1222777060,2663043500,0
2011-02-10,5960823696,5098265442,11059089138,0
2011-02-09,1468188301,107201247,1575389548,0
2011-02-08,1279780954,878549595,2158330549,0
2011-02-07,1898644047,424070198,2322714245,0
2011-02-06,453423734,95373409,548797143,0
2011-02-05,2509470312,2679737997,5189208309,0
2011-02-04,5038046269,6680166020,11718212289,0
2011-02-03,5253799118,8281285740,13535084858,0
2011-02-02,3628056229,8787420291,12415476520,0
2011-02-01,2055267024,8618995364,10674262388,0
2011-01-31,3570889506,8365830789,11936720295,0
2011-01-30,1712367488,8888795114,10601162602,0
2011-01-29,3451548843,8701355499,12152904342,0
2011-01-28,13627457886,8376658495,22004116381,0
2011-01-27,2083236254,8145223174,10228459428,0
2011-01-26,2460938057,8492749801,10953687858,0
2011-01-25,4599744409,7933619111,12533363520,0
2011-01-24,1467327415,7723534616,9190862031,0
2011-01-23,2300241486,8016115753,10316357239,0
2011-01-22,5083696907,7989528617,13073225524,0
2011-01-21,68964636727,7128823908,76093460635,0
2011-01-20,12607309574,5421312235,18028621809,0
2011-01-19,1390854962,3760169634,5151024596,0
2011-01-18,10896939020,7671173410,18568112430,0
2011-01-17,2810023118,7003245537,9813268655,0
2011-01-16,6510192906,601037424,7111230330,0
2011-01-15,1077737774,872530797,1950268571,0
2011-01-14,1039602717,5845718945,6885321662,0
2011-01-13,1091070444,1911546650,3002617094,0
2011-01-12,2743237698,1145621285,3888858983,0
2011-01-11,1891140679,929087013,2820227692,0
2011-01-10,1507883560,858081966,2365965526,0
2011-01-09,1319007837,967638062,2286645899,0
2011-01-08,1132600126,4779878427,5912478553,0
2011-01-07,2637819554,8082406989,10720226543,0
2011-01-06,938022939,8216341773,9154364712,0
2011-01-05,5766904701,7640381328,13407286029,0
2011-01-04,15221877036,7713883489,22935760525,0
2011-01-03,17843604039,3388373228,21231977267,0
2011-01-02,154418342,55656929,210075271,0
2011-01-01,1140627045,725167274,1865794319,0
2010-12-31,573865009,64483953,638348962,0
2010-12-30,724265563,600518214,1324783777,0
2010-12-29,4482487380,579566718,5062054098,0
2010-12-28,339093437,199102904,538196341,0
2010-12-27,2146817305,1855556518,4002373823,0
2010-12-26,1294933118,85927743,1380860861,0
2010-12-25,1587800006,374690191,1962490197,0
2010-12-24,1380926122,3288476519,4669402641,0
2010-12-23,9613093949,6138934307,15752028256,0
2010-12-22,904636954,400205232,1304842186,0
2010-12-21,518610079,68977253,587587332,0
2010-12-20,866075446,406911959,1272987405,0
2010-12-19,249457141,212080743,461537884,0
2010-12-18,659418826,352494197,1011913023,0
2010-12-17,2626179514,1602696934,4228876448,0
2010-12-16,2146515631,1540702741,3687218372,0
2010-12-15,2599497334,1908394743,4507892077,0
2010-12-14,1712329765,804556310,2516886075,0
2010-12-13,1060242910,728348124,1788591034,0
2010-12-12,969475456,382022659,1351498115,0
2010-12-11,2290494770,1526289993,3816784763,0
2010-12-10,7496497151,5249309239,12745806390,0
2010-12-09,2543905381,7868076367,10411981748,0
2010-12-08,6177109433,8118766457,14295875890,0
2010-12-07,11891447403,2190521491,14081968894,0
2010-12-06,2050837706,725933233,2776770939,0
2010-12-05,1365534773,102872067,1468406840,0
2010-12-04,1343074703,990228494,2333303197,0
2010-12-03,3627621683,3349082698,6976704381,0
2010-12-02,1806715275,1327440517,3134155792,0
2010-12-01,3208594985,2159650797,5368245782,0
2010-11-30,2778329432,1598511723,4376841155,0
2010-11-29,864748166,586245632,1450993798,0
2010-11-28,725532259,73008782,798541041,0
2010-11-27,1258841288,471889472,1730730760,0
2010-11-26,5286713436,4621229935,9907943371,0
2010-11-25,9659781756,7985371454,17645153210,0
2010-11-24,6812002341,8398708924,15210711265,0
2010-11-23,24523698840,8014752881,32538451721,0
2010-11-22,4385482854,7868349112,12253831966,0
2010-11-21,4922752727,6770932376,11693685103,0
2010-11-20,26760360209,6542439839,33302800048,0
2010-11-19,3449784965,3894711858,7344496823,0
2010-11-18,2028966585,1203517636,3232484221,0
2010-11-17,3127213421,2036216579,5163430000,0
2010-11-16,4373351489,5098793473,9472144962,0
2010-11-15,3563662508,7542922966,11106585474,0
2010-11-14,8461284464,6098228151,14559512615,0
2010-11-13,4978647621,6948034206,11926681827,0
2010-11-12,4614170660,7950204746,12564375406,0
2010-11-11,13060974483,7747770073,20808744556,0
2010-11-10,5732435125,6106652146,11839087271,0
2010-11-09,2239952167,4367765423,6607717590,0
2010-11-08,2053358754,1964250628,4017609382,0
2010-11-07,217083405,61403710,278487115,0
2010-11-06,2892822709,2001479591,4894302300,0
2010-11-05,3854060311,3256218641,7110278952,0
2010-11-04,1830059206,746441033,2576500239,0
2010-11-03,1796080578,782928975,2579009553,0
2010-11-02,2591419565,1407439339,3998858904,0
2010-11-01,2034492873,1155660174,3190153047,0
2010-10-31,1490069653,119472927,1609542580,0
2010-10-30,7525964671,922131259,8448095930,0
2010-10-29,2866248913,2444756994,5311005907,0
2010-10-28,1774570960,805051545,2579622505,0
2010-10-27,2786834831,1836006575,4622841406,0
2010-10-26,2856249905,1516069032,4372318937,0
2010-10-25,751048144,271990021,1023038165,0
2010-10-24,397781324,65124706,462906030,0
2010-10-23,1500862793,7072976680,8573839473,0
2010-10-22,2732689578,7527784255,10260473833,0
2010-10-21,8341306845,7297524911,15638831756,0
2010-10-20,18545323078,6645346030,25190669108,0
2010-10-19,1960206823,953325925,2913532748,0
2010-10-18,867866001,264201919,1132067920,0
2010-10-17,1860045441,1029833387,2889878828,0
2010-10-16,590327876,1673402254,2263730130,0
2010-10-15,8212454787,5321341136,13533795923,0
2010-10-14,1328055758,524144489,1852200247,0
2010-10-13,3998947645,2099702723,6098650368,0
2010-10-12,1732030796,2033074796,3765105592,0
2010-10-11,3529826513,2038422286,5568248799,0
2010-10-10,1982992566,128026692,2111019258,0
2010-10-09,1890610801,1375525051,3266135852,0
2010-10-08,5034214068,3568064109,8602278177,0
2010-10-07,2342623837,7047158295,9389782132,0
2010-10-06,4690564765,7670384748,12360949513,0
2010-10-05,19950105329,7244750245,27194855574,0
2010-10-04,2054324062,1140405949,3194730011,0
2010-10-03,425836017,86916606,512752623,0
2010-10-02,6504987253,4317457710,10822444963,0
2010-10-01,1334168903,1214023576,2548192479,0
2010-09-30,2817612222,865612226,3683224448,0
2010-09-29,2506432691,2164418104,4670850795,0
2010-09-28,3212448983,2359299038,5571748021,0
2010-09-27,3305089590,1740385826,5045475416,0
2010-09-26,763934288,728500930,1492435218,0
2010-09-25,2476002170,1715952496,4191954666,0
2010-09-24,4620487701,3017397629,7637885330,0
2010-09-23,1026916346,546721082,1573637428,0
2010-09-22,1678205969,666094901,2344300870,0
2010-09-21,930064416,902981319,1833045735,0
2010-09-20,333544105,206825865,540369970,0
2010-09-19,2082495826,1224392729,3306888555,0
2010-09-18,4605913622,1099921908,5705835530,0
2010-09-17,1531205635,560665761,2091871396,0
2010-09-16,1637496312,506278801,2143775113,0
2010-09-15,2348084970,926938537,3275023507,0
2010-09-14,2894035526,578308380,3472343906,0
2010-09-13,481746720,451503137,933249857,0
2010-09-12,448079795,148751765,596831560,0
2010-09-11,2339444909,1427158860,3766603769,0
2010-09-10,1867068477,665360703,2532429180,0
2010-09-09,1287402036,1024221825,2311623861,0
2010-09-08,1823153693,532313695,2355467388,0
2010-09-07,2818378488,266143719,3084522207,0
2010-09-06,957403253,199433877,1156837130,0
2010-09-05,990787674,6051752678,7042540352,0
2010-09-04,1899035820,8710655858,10609691678,0
2010-09-03,1745497232,8692053758,10437550990,0
2010-09-02,3143518847,7772743790,10916262637,0
2010-09-01,8052373967,7817410625,15869784592,0
2010-08-31,30943611700,3350285713,34293897413,0
2010-08-30,1215978140,2356759280,3572737420,0
2010-08-29,8999077926,6568047004,15567124930,0
2010-08-28,3231065913,4790455697,8021521610,0
2010-08-27,1862161716,7266108850,9128270566,0
2010-08-26,2853610137,5664384375,8517994512,0
2010-08-25,14510657216,5818983738,20329640954,0
2010-08-24,7697878246,2221570773,9919449019,0
2010-08-23,0,0,0,0
2010-08-22,744670971,292870603,1037541574,0
2010-08-21,1920762696,1531955042,3452717738,0
2010-08-20,1915080648,1324619420,3239700068,0
2010-08-19,1985585196,1165216708,3150801904,0
2010-08-18,2564927810,2242159460,4807087270,0
2010-08-17,1122374869,518498051,1640872920,0
2010-08-16,862807856,354677951,1217485807,0
2010-08-15,719836580,128573119,848409699,0
2010-08-14,2326224769,1835994091,4162218860,0
2010-08-13,3257785668,2701569290,5959354958,0
2010-08-12,1570609542,533391990,2104001532,0
2010-08-11,3564034584,3909358229,7473392813,0
2010-08-10,5462736565,3152693514,8615430079,0
2010-08-09,9106564384,796734721,9903299105,0
2010-08-08,11815483243,448457205,12263940448,0
2010-08-07,1948856087,1417437403,3366293490,0
2010-08-06,1118567873,908532843,2027100716,0
2010-08-05,2376205767,5246738175,7622943942,0
2010-08-04,2202251326,8513048719,10715300045,0
2010-08-03,1743823352,7732096219,9475919571,0
2010-08-02,4348044275,8548861363,12896905638,0
2010-08-01,24850248717,2255419003,27105667720,0
2010-07-31,3600945493,3067844377,6668789870,0
2010-07-30,1365006351,536214424,1901220775,0
2010-07-29,1225607854,536528920,1762136774,0
2010-07-28,1047748318,527773234,1575521552,0
2010-07-27,587912895,515946719,1103859614,0
2010-07-26,884673885,365430746,1250104631,0
2010-07-25,130241056,52754738,182995794,0
2010-07-24,1666595882,1629690669,3296286551,0
2010-07-23,421293708,70347903,491641611,0
2010-07-22,133911813,59223807,193135620,0
2010-07-21,1727704938,527503749,2255208687,0
2010-07-20,1684492500,107400041,1791892541,0
2010-07-19,704052898,356127612,1060180510,0
2010-07-18,1016840627,87666295,1104506922,0
2010-07-17,362959882,1229698219,1592658101,0
2010-07-16,5340974706,5208967865,10549942571,0
2010-07-15,4743089345,2068113259,6811202604,0
2010-07-14,515043565,68057153,583100718,0
2010-07-13,121210891,74381724,195592615,0
2010-07-12,774140714,360718338,1134859052,0
2010-07-11,1581672811,113058178,1694730989,0
2010-07-10,1623705647,1640353756,3264059403,0
2010-07-09,1383144089,540616416,1923760505,0
2010-07-08,1094343844,526465043,1620808887,0
2010-07-07,1004326057,524350060,1528676117,0
2010-07-06,2148765001,947425857,3096190858,0
2010-07-05,949687593,444502726,1394190319,0
2010-07-04,1069750877,173232165,1242983042,0
2010-07-03,400201614,281142323,681343937,0
2010-07-02,1663218490,532996788,2196215278,0
2010-07-01,938531582,501840265,1440371847,0
2010-06-30,5082515594,637517865,5720033459,0
2010-06-29,1099930847,1614290894,2714221741,0
2010-06-28,687161295,6914492182,7601653477,0
2010-06-27,345267004,4663143425,5008410429,0
2010-06-26,9743844848,3829835967,13573680815,0
2010-06-25,2196215366,1287862106,3484077472,0
2010-06-24,3300767867,1726628996,5027396863,0
2010-06-23,1875050023,559135333,2434185356,0
2010-06-22,1491625246,534868548,2026493794,0
2010-06-21,1256187615,320655880,1576843495,0
2010-06-20,350624761,73584453,424209214,0
2010-06-19,437074938,82053530,519128468,0
2010-06-18,2150922948,4674630442,6825553390,0
2010-06-17,2025186348,8603235348,10628421696,0
2010-06-16,3675395918,8420834250,12096230168,0
2010-06-15,2182954700,7492967427,9675922127,0
2010-06-14,24459349063,7662305935,32121654998,0
2010-06-13,4107974499,1417084118,5525058617,0
2010-06-12,2408835764,1803857365,4212693129,0
2010-06-11,1329352953,1962286908,3291639861,0
2010-06-10,5139092653,2830619435,7969712088,0
2010-06-09,3249776360,1096603879,4346380239,0
2010-06-08,1242714361,514715517,1757429878,0
2010-06-07,1090417147,506126143,1596543290,0
2010-06-06,1000088667,244553803,1244642470,0
2010-06-05,2657642542,2136694701,4794337243,0
2010-06-04,1598409301,540529628,2138938929,0
2010-06-03,2168406842,4197890168,6366297010,0
2010-06-02,5370772424,8557743813,13928516237,0
2010-06-01,16198034563,8502426429,24700460992,0
2010-05-31,2238013589,1011512346,3249525935,0
2010-05-30,1131848100,113693932,1245542032,0
2010-05-29,1489710652,847444968,2337155620,0
2010-05-28,1320991764,666981447,1987973211,0
2010-05-27,4942695929,2883242676,7825938605,0
2010-05-26,9485748854,4795670433,14281419287,0
2010-05-25,4318532765,3976425691,8294958456,0
2010-05-24,4356944082,4338847654,8695791736,0
2010-05-23,194457577,86361170,280818747,0
2010-05-22,2912009015,2777792546,5689801561,0
2010-05-21,3066146836,2529163727,5595310563,0
2010-05-20,1068406903,97458404,1165865307,0
2010-05-19,1596011713,1432300606,3028312319,0
2010-05-18,2890386735,4518791431,7409178166,0
2010-05-17,9461009725,8015724486,17476734211,0
2010-05-16,5442795981,3369392826,8812188807,0
2010-05-15,4089484457,3541700446,7631184903,0
2010-05-14,3638622596,3006374902,6644997498,0
2010-05-13,1608866573,7510062735,9118929308,0
2010-05-12,14414584362,6192825561,20607409923,0
2010-05-11,4177166103,2590293129,6767459232,0
2010-05-10,2007113891,1169365867,3176479758,0
2010-05-09,980761429,102771875,1083533304,0
2010-05-08,3217454858,2805667508,6023122366,0
2010-05-07,3371780996,2598022341,5969803337,0
2010-05-06,3140150562,594478569,3734629131,0
2010-05-05,3022062687,1903850203,4925912890,0
2010-05-04,3985738021,2608867578,6594605599,0
2010-05-03,4410381269,1279578744,5689960013,0
2010-05-02,1432126188,167783808,1599909996,0
2010-05-01,6623667739,3021750155,9645417894,0
2010-04-30,2549483097,1864382382,4413865479,0
2010-04-29,1823399528,693246389,2516645917,0
2010-04-28,2479215096,567477788,3046692884,0
2010-04-27,3667431243,2416829412,6084260655,0
2010-04-26,1878883321,1435983413,3314866734,0
2010-04-25,664854834,102421202,767276036,0
2010-04-24,2835077192,2503976624,5339053816,0
2010-04-23,4438264766,3542640135,7980904901,0
2010-04-22,2291266201,5369131033,7660397234,0
2010-04-21,3615324277,7339634997,10954959274,0
2010-04-20,3288493584,5410207377,8698700961,0
2010-04-19,1465084739,8044554404,9509639143,0
2010-04-18,5444648228,8421666736,13866314964,0
2010-04-17,13936298363,7422828818,21359127181,0
2010-04-16,4517175705,2471059239,6988234944,0
2010-04-15,1804907758,760507827,2565415585,0
2010-04-14,3841790257,2230375902,6072166159,0
2010-04-13,3673498758,6331823909,10005322667,0
2010-04-12,3208574146,1214795882,4423370028,0
2010-04-11,540290221,4747109929,5287400150,0
2010-04-10,3948197986,9227200181,13175398167,0
2010-04-09,4412633028,6698935519,11111568547,0
2010-04-08,10697007581,3608706084,14305713665,0
2010-04-07,8629141975,7373276512,16002418487,0
2010-04-06,2007462488,1007365856,3014828344,0
2010-04-05,1879895361,658457417,2538352778,0
2010-04-04,1153636511,141465310,1295101821,0
2010-04-03,4842985084,2532472736,7375457820,0
2010-04-02,4161808829,2795301815,6957110644,0
2010-04-01,2775595102,3278472268,6054067370,0
2010-03-31,3668186337,2874150741,6542337078,0
2010-03-30,12259813807,2641315170,14901128977,0
2010-03-29,1629326336,1197996231,2827322567,0
2010-03-28,1314016241,761601592,2075617833,0
2010-03-27,958705405,1326555582,2285260987,0
2010-03-26,1801064926,8104933777,9905998703,0
2010-03-25,14674973125,8479375980,23154349105,0
2010-03-24,8272174022,4171541087,12443715109,0
2010-03-23,4167838334,2258997332,6426835666,0
2010-03-22,2608798100,972295019,3581093119,0
2010-03-21,2758742453,2272457631,5031200084,0
2010-03-20,1163059165,110794632,1273853797,0
2010-03-19,1345744888,743179501,2088924389,0
2010-03-18,3049057595,587091689,3636149284,0
2010-03-17,2683088440,2058602958,4741691398,0
2010-03-16,8344866336,8681299731,17026166067,0
2010-03-15,3169166471,1289788033,4458954504,0
2010-03-14,551012456,100920888,651933344,0
2010-03-13,1906913302,1576720101,3483633403,0
2010-03-12,4917815674,6233815359,11151631033,0
2010-03-11,3439626307,2208099256,5647725563,0
2010-03-10,3371431783,1966609819,5338041602,0
2010-03-09,7572914874,5909410190,13482325064,0
2010-03-08,1378674330,109031432,1487705762,0
2010-03-07,999475381,111859787,1111335168,0
2010-03-06,3417424088,1813026967,5230451055,0
2010-03-05,1697532553,1011330409,2708862962,0
2010-03-04,1341869209,931655568,2273524777,0
2010-03-03,3479795359,2214064730,5693860089,0
2010-03-02,4380336950,3101228773,7481565723,0
2010-03-01,957637553,104204001,1061841554,0
2010-02-28,1851369141,1185763878,3037133019,0
2010-02-27,2185592231,2085556247,4271148478,0
2010-02-26,2377355215,1158457646,3535812861,0
2010-02-25,2580803830,1365966592,3946770422,0
2010-02-24,7070104770,3917626398,10987731168,0
2010-02-23,2660913139,1465179768,4126092907,0
2010-02-22,1438434769,1224810479,2663245248,0
2010-02-21,483106288,193259676,676365964,0
2010-02-20,2039880214,1050482312,3090362526,0
2010-02-19,1708235492,748477119,2456712611,0
2010-02-18,1324493011,99367996,1423861007,0
2010-02-17,2176335511,1412311052,3588646563,0
2010-02-16,2220218705,1432494711,3652713416,0
2010-02-15,1402167357,715861165,2118028522,0
2010-02-14,1446439120,1645737643,3092176763,0
2010-02-13,2853572618,1351154812,4204727430,0
2010-02-12,2079700506,1169265518,3248966024,0
2010-02-11,1981055369,640390806,2621446175,0
2010-02-10,2289412552,1889008980,4178421532,0
2010-02-09,5097222459,4564105447,9661327906,0
2010-02-08,1178322206,163771885,1342094091,0
2010-02-07,520290746,78534085,598824831,0
2010-02-06,3572827583,2756364262,6329191845,0
2010-02-05,3084521754,2243339553,5327861307,0
2010-02-04,821894282,485888234,1307782516,0
2010-02-03,4728855863,7938064100,12666919963,0
2010-02-02,12936642882,7962354206,20898997088,0
2010-02-01,2163840583,8228010929,10391851512,0
2010-01-31,3130421957,7708320198,10838742155,0
2010-01-30,11131626194,6243021052,17374647246,0
2010-01-29,14017256723,3179261274,17196517997,0
2010-01-28,1682481654,550313161,2232794815,0
2010-01-27,3992812584,2212425215,6205237799,0
2010-01-26,1828026872,1470889996,3298916868,0
2010-01-25,1161353143,483738462,1645091605,0
2010-01-24,263315658,99648616,362964274,0
2010-01-23,4010682236,3636420440,7647102676,0
2010-01-22,3032887701,2113549888,5146437589,0
2010-01-21,2662495171,619191498,3281686669,0
2010-01-20,1550828675,1034343488,2585172163,0
2010-01-19,5592439893,5150013815,10742453708,0
2010-01-18,3360457424,3849710696,7210168120,0
2010-01-17,2075354423,2545173348,4620527771,0
2010-01-16,1445952712,642147239,2088099951,0
2010-01-15,3731074830,2877940073,6609014903,0
2010-01-14,3590326315,5361923008,8952249323,0
2010-01-13,6763888266,2115701819,8879590085,0
2010-01-12,1028362421,854104234,1882466655,0
2010-01-11,1159285330,1068398107,2227683437,0
2010-01-10,238872124,351692701,590564825,0
2010-01-09,1718100225,2863979656,4582079881,0
2010-01-08,1034857368,120109490,1154966858,0
2010-01-07,4910217632,668847306,5579064938,0
2010-01-06,1837107806,1113034764,2950142570,0
2010-01-05,4878197183,3429244853,8307442036,0
2010-01-04,971937883,1013008238,1984946121,0
2010-01-03,5789808357,5572547027,11362355384,0
2010-01-02,2337980733,666968028,3004948761,0
2010-01-01,2125220195,134456814,2259677009,0
2009-12-31,6057300105,7332653826,13389953931,0
2009-12-30,1513833925,4815171218,6329005143,0
2009-12-29,14266293299,7384892670,21651185969,0
2009-12-28,923694004,110057474,1033751478,0
2009-12-27,1155982748,1883706905,3039689653,0
2009-12-26,1239541132,857838184,2097379316,0
2009-12-25,2263039799,1364955224,3627995023,0
2009-12-24,1106718455,88636509,1195354964,0
2009-12-23,1464948218,354822559,1819770777,0
2009-12-22,7493327041,6258777736,13752104777,0
2009-12-21,2587332015,2105043384,4692375399,0
2009-12-20,425406192,78912448,504318640,0
2009-12-19,3545458993,2733461460,6278920453,0
2009-12-18,867660309,650335338,1517995647,0
2009-12-17,1208375214,532258838,1740634052,0
2009-12-16,1823926442,920608853,2744535295,0
2009-12-15,1714003381,1886089812,3600093193,0
2009-12-14,1560862021,712357078,2273219099,0
2009-12-13,2309484291,2343707246,4653191537,0
2009-12-12,5618077591,3053305148,8671382739,0
2009-12-11,6679388657,7234580723,13913969380,0
2009-12-10,2127391160,5077769682,7205160842,0
2009-12-09,1702014875,2770003944,4472018819,0
2009-12-08,10549495182,7533930126,18083425308,0
2009-12-07,2104394971,133146043,2237541014,0
2009-12-06,7949387351,6267176044,14216563395,0
2009-12-05,2700890924,1836122414,4537013338,0
2009-12-04,4510011348,2519380831,7029392179,0
2009-12-03,2487490956,6395375930,8882866886,0
2009-12-02,1535944365,6022452009,7558396374,0
2009-12-01,4242105072,7879371855,12121476927,0
2009-11-30,8854108638,7591923945,16446032583,0
2009-11-29,517506423,2810432662,3327939085,0
2009-11-28,2756783782,1082401013,3839184795,0
2009-11-27,462029956,107835013,569864969,0
2009-11-26,836066705,84034320,920101025,0
2009-11-25,919556252,481289736,1400845988,0
2009-11-24,3215671711,2475463141,5691134852,0
2009-11-23,2578600517,1182270173,3760870690,0
2009-11-22,1189408192,880016024,2069424216,0
2009-11-21,2697574542,4174950726,6872525268,0
2009-11-20,3934163606,2799672223,6733835829,0
2009-11-19,2204433960,2665954089,4870388049,0
2009-11-18,2313643606,720091446,3033735052,0
2009-11-17,3478970177,2185077230,5664047407,0
2009-11-16,2057754285,6080150875,8137905160,0
2009-11-15,10099984655,7935697882,18035682537,0
2009-11-14,7665775160,6891052421,14556827581,0
2009-11-13,3380436495,3471051327,6851487822,0
2009-11-12,3554137477,8225088096,11779225573,0
2009-11-11,19597778920,7654483316,27252262236,0
2009-11-10,3810975855,2309305058,6120280913,0
2009-11-09,1628601818,1034053423,2662655241,0
2009-11-08,1872478873,5779524762,7652003635,0
2009-11-07,12138578931,6715728625,18854307556,0
2009-11-06,3456283086,3784850016,7241133102,0
2009-11-05,6936612497,6997170355,13933782852,0
2009-11-04,2616733183,314092036,2930825219,0
2009-11-03,2734319612,1587634754,4321954366,0
2009-11-02,138861805,2303465744,2442327549,0
2009-11-01,2006865113,2723216665,4730081778,0
2009-10-31,8527979207,5900392350,14428371557,0
2009-10-30,3683335501,3989565675,7672901176,0
2009-10-29,7431859827,5943818818,13375678645,0
2009-10-28,7229318207,7201854552,14431172759,0
2009-10-27,6581924046,7496092899,14078016945,0
2009-10-26,6556629380,7842295818,14398925198,0
2009-10-25,1891018903,3447053851,5338072754,0
2009-10-24,3271715243,7365685996,10637401239,0
2009-10-23,1878400506,6823129154,8701529660,0
2009-10-22,3759285377,7219796919,10979082296,0
2009-10-21,22793074288,5978560971,28771635259,0
2009-10-20,4513708894,3413562975,7927271869,0
2009-10-19,5573470749,4129481212,9702951961,0
2009-10-18,2186544620,3348491244,5535035864,0
2009-10-17,5225565417,3788920918,9014486335,0
2009-10-16,4262091710,4639607798,8901699508,0
2009-10-15,2934914197,4106823447,7041737644,0
2009-10-14,3053819185,3901280423,6955099608,0
2009-10-13,4648452442,5143358427,9791810869,0
2009-10-12,3727904594,6417326583,10145231177,0
2009-10-11,10725671389,6492460629,17218132018,0
2009-10-10,4816230599,4979939473,9796170072,0
2009-10-09,3109890807,3380062637,6489953444,0
2009-10-08,1926964367,2573868764,4500833131,0
2009-10-07,2820946927,1702757068,4523703995,0
2009-10-06,2419097550,2048503674,4467601224,0
2009-10-05,820433212,794682093,1615115305,0
2009-10-04,1357867351,2186616000,3544483351,0
2009-10-03,6322360007,4960622343,11282982350,0
2009-10-02,3084024722,2142652051,5226676773,0
2009-10-01,1368464338,878860913,2247325251,0
2009-09-30,2209144064,1329553116,3538697180,0
2009-09-29,2939565122,3163824503,6103389625,0
2009-09-28,1826850031,2162550372,3989400403,0
2009-09-27,2826095456,2874842594,5700938050,0
2009-09-26,1936897748,1165972654,3102870402,0
2009-09-25,3330947920,1896594309,5227542229,0
2009-09-24,2023115662,1291741844,3314857506,0
2009-09-23,2738995645,1856554412,4595550057,0
2009-09-22,4508362308,3708229926,8216592234,0
2009-09-21,1291974065,441907203,1733881268,0
2009-09-20,1622960790,763396731,2386357521,0
2009-09-19,3185977616,3137214429,6323192045,0
2009-09-18,2881963852,4279395468,7161359320,0
2009-09-17,10606168855,8347699532,18953868387,0
2009-09-16,3795550208,2046840329,5842390537,0
2009-09-15,2101464277,800170419,2901634696,0
2009-09-14,1355739817,370647965,1726387782,0
2009-09-13,904845099,653714609,1558559708,0
2009-09-12,3902261862,2643284836,6545546698,0
2009-09-11,289789967,69080465,358870432,0
2009-09-10,1563475450,141544087,1705019537,0
2009-09-09,880597593,491561175,1372158768,0
2009-09-08,971704950,91106159,1062811109,0
2009-09-07,813137524,1652125492,2465263016,0
2009-09-06,464515096,2671075934,3135591030,0
2009-09-05,744434751,8434203041,9178637792,0
2009-09-04,14612551448,3821854126,18434405574,0
2009-09-03,852353145,85717583,938070728,0
2009-09-02,1288906924,505769880,1794676804,0
2009-09-01,994126896,725977498,1720104394,0
2009-08-31,1283898225,991457146,2275355371,0
2009-08-30,824841404,88199977,913041381,0
2009-08-29,2795896720,1845781701,4641678421,0
2009-08-28,657279230,90176533,747455763,0
2009-08-27,823141099,89046282,912187381,0
2009-08-26,908360766,86610490,994971256,0
2009-08-25,681326667,90863726,772190393,0
2009-08-24,1864349819,1027763864,2892113683,0
2009-08-23,2043550183,116333081,2159883264,0
2009-08-22,7388242448,3384698293,10772940741,0
2009-08-21,3561956777,591817958,4153774735,0
2009-08-20,1525952980,537508306,2063461286,0
2009-08-19,1117493566,1706241686,2823735252,0
2009-08-18,1150036878,5072351901,6222388779,0
2009-08-17,6220584399,1847078464,8067662863,0
2009-08-16,536895173,79860903,616756076,0
2009-08-15,2613327046,2141858712,4755185758,0
2009-08-14,2680207004,570357931,3250564935,0
2009-08-13,703034881,506071976,1209106857,0
2009-08-12,2811072452,1596280016,4407352468,0
2009-08-11,1124769105,517468847,1642237952,0
2009-08-10,2482899449,2078941590,4561841039,0
2009-08-09,377928895,78903960,456832855,0
2009-08-08,3405865198,2489149102,5895014300,0
2009-08-07,1508984653,557296442,2066281095,0
2009-08-06,1443270537,1512350446,2955620983,0
2009-08-05,1393468892,521006765,1914475657,0
2009-08-04,2160196941,1160712530,3320909471,0
2009-08-03,1567051232,376650630,1943701862,0
2009-08-02,1868819856,936167319,2804987175,0
2009-08-01,5670377541,3360513044,9030890585,0
2009-07-31,932566749,495545903,1428112652,0
2009-07-30,1031442555,504907537,1536350092,0
2009-07-29,1780337476,1208549191,2988886667,0
2009-07-28,1318088510,507263090,1825351600,0
2009-07-27,714674599,79594511,794269110,0
2009-07-26,1893047117,1387154995,3280202112,0
2009-07-25,1242563035,1525352204,2767915239,0
2009-07-24,2147584202,933932488,3081516690,0
2009-07-23,1662602172,518284923,2180887095,0
2009-07-22,728176852,689806506,1417983358,0
2009-07-21,1000139195,488628674,1488767869,0
2009-07-20,2000674997,1019835647,3020510644,0
2009-07-19,1523052304,119025487,1642077791,0
2009-07-18,2260167948,1428098734,3688266682,0
2009-07-17,3354110925,2456153229,5810264154,0
2009-07-16,950659156,498166950,1448826106,0
2009-07-15,1884235051,1559090125,3443325176,0
2009-07-14,2456168719,1441564794,3897733513,0
2009-07-13,1374717268,367943743,1742661011,0
2009-07-12,1044000067,668357687,1712357754,0
2009-07-11,4689088121,2269992840,6959080961,0
2009-07-10,933706544,78318460,1012025004,0
2009-07-09,843175022,248636270,1091811292,0
2009-07-08,1603776554,2719732489,4323509043,0
2009-07-07,730061532,754281924,1484343456,0
2009-07-06,732461878,73801432,806263310,0
2009-07-05,2394006383,115773031,2509779414,0
2009-07-04,3973737567,6276510502,10250248069,0
2009-07-03,5421758401,1838898737,7260657138,0
2009-07-02,2994775296,2944602065,5939377361,0
2009-07-01,1442216850,528248167,1970465017,0
2009-06-30,774783013,123030021,897813034,0
2009-06-29,2914027646,2922553288,5836580934,0
2009-06-28,551736258,2207078810,2758815068,0
2009-06-27,5298605383,5533667519,10832272902,0
2009-06-26,6246096792,2373511937,8619608729,0
2009-06-25,1427507482,798941445,2226448927,0
2009-06-24,1645243693,696128881,2341372574,0
2009-06-23,1382891273,685812426,2068703699,0
2009-06-22,1115065973,357054581,1472120554,0
2009-06-21,233457902,338799806,572257708,0
2009-06-20,407106680,66390157,473496837,0
2009-06-19,1554733820,5528344528,7083078348,0
2009-06-18,2436284809,8723959303,11160244112,0
2009-06-17,15798689160,4115977226,19914666386,0
2009-06-16,635769921,109442056,745211977,0
2009-06-15,1085037352,83455198,1168492550,0
2009-06-14,952645485,379062764,1331708249,0
2009-06-13,4295683338,3833536268,8129219606,0
2009-06-12,3499563261,3817241100,7316804361,0
2009-06-11,2593295214,1332433282,3925728496,0
2009-06-10,1420733118,539727973,1960461091,0
2009-06-09,2238278489,1398005150,3636283639,0
2009-06-08,592942622,73423892,666366514,0
2009-06-07,1552762731,4262984265,5815746996,0
2009-06-06,2014885038,9229010911,11243895949,0
2009-06-05,3228732672,9197119272,12425851944,0
2009-06-04,5690764604,9252429947,14943194551,0
2009-06-03,28829298227,7122663846,35951962073,0
2009-06-02,3582038758,2949264508,6531303266,0
2009-06-01,2715091898,6183263141,8898355039,0
2009-05-31,7183073885,8098440136,15281514021,0
2009-05-30,12360285608,5556155132,17916440740,0
2009-05-29,1437088735,139885428,1576974163,0
2009-05-28,2467644281,4003337346,6470981627,0
2009-05-27,7408675498,4542404929,11951080427,0
2009-05-26,5518881220,6031381817,11550263037,0
2009-05-25,3757488470,2053331727,5810820197,0
2009-05-24,1509860930,267279918,1777140848,0
2009-05-23,3284795036,2388043011,5672838047,0
2009-05-22,860698292,532581572,1393279864,0
2009-05-21,2128410700,1144351553,3272762253,0
2009-05-20,1423116779,423086406,1846203185,0
2009-05-19,5383238149,4668529269,10051767418,0
2009-05-18,3785335931,3296444321,7081780252,0
2009-05-17,366150279,93003498,459153777,0
2009-05-16,4074268384,4028845874,8103114258,0
2009-05-15,1558382264,957745495,2516127759,0
2009-05-14,4616030178,3530156359,8146186537,0
2009-05-13,3500633240,3384205249,6884838489,0
2009-05-12,7782303777,6833250595,14615554372,0
2009-05-11,5506752514,5686419817,11193172331,0
2009-05-10,3801765077,5192728749,8994493826,0
2009-05-09,4656245732,4061413599,8717659331,0
2009-05-08,3188566225,2517731495,5706297720,0
2009-05-07,5175100566,4254332610,9429433176,0
2009-05-06,2944438252,2188842958,5133281210,0
2009-05-05,5715004913,4335636492,10050641405,0
2009-05-04,3355570739,799509668,4155080407,0
2009-05-03,2608547219,1867328906,4475876125,0
2009-05-02,5432227193,5365180704,10797407897,0
2009-05-01,5993707588,2515876897,8509584485,0
2009-04-30,3407907811,2367150645,5775058456,0
2009-04-29,6217235323,1218128120,7435363443,0
2009-04-28,5752915119,4833365698,10586280817,0
2009-04-27,2404169442,2410119773,4814289215,0
2009-04-26,2396783684,4597104089,6993887773,0
2009-04-25,4376370232,8110424311,12486794543,0
2009-04-24,2924755415,5551544871,8476300286,0
2009-04-23,4875797857,8081719460,12957517317,0
2009-04-22,23023614200,7151080423,30174694623,0
2009-04-21,6995275977,5719602943,12714878920,0
2009-04-20,2080432974,1261675989,3342108963,0
2009-04-19,3502413097,7708883465,11211296562,0
2009-04-18,5250977991,8970078499,14221056490,0
2009-04-17,8469279833,9331033250,17800313083,0
2009-04-16,14223469851,8225729787,22449199638,0
2009-04-15,7751034061,5837606624,13588640685,0
2009-04-14,4815454239,5968986897,10784441136,0
2009-04-13,1145003749,1773227573,2918231322,0
2009-04-12,3850808678,8268718536,12119527214,0
2009-04-11,9571045756,7792055929,17363101685,0
2009-04-10,10505035449,5511675561,16016711010,0
2009-04-09,5711389284,4104986607,9816375891,0
2009-04-08,2415083869,2997634656,5412718525,0
2009-04-07,5414155745,4847046282,10261202027,0
2009-04-06,2473545221,1736773272,4210318493,0
2009-04-05,3738217110,4213374113,7951591223,0
2009-04-04,4986475698,3863291514,8849767212,0
2009-04-03,4210248171,3201153917,7411402088,0
2009-04-02,4952852003,4209226622,9162078625,0
2009-04-01,1565974787,737650139,2303624926,0
2009-03-31,5576122016,4413521795,9989643811,0
2009-03-30,1746556549,937209088,2683765637,0
2009-03-29,282633952,280977243,563611195,0
2009-03-28,2711727384,2131967048,4843694432,0
2009-03-27,1654448405,548334425,2202782830,0
2009-03-26,2250477536,1416461641,3666939177,0
2009-03-25,1678665743,671642023,2350307766,0
2009-03-24,4464066076,3659977518,8124043594,0
2009-03-23,1082680924,921638989,2004319913,0
2009-03-22,1624731504,2025861335,3650592839,0
2009-03-21,3685612305,2686837287,6372449592,0
2009-03-20,1866832917,974331433,2841164350,0
2009-03-19,2145026964,1958458784,4103485748,0
2009-03-18,1865494991,1342823326,3208318317,0
2009-03-17,2895852791,2062834126,4958686917,0
2009-03-16,1630811852,1134219111,2765030963,0
2009-03-15,1069086030,563176137,1632262167,0
2009-03-14,1664394140,778642868,2443037008,0
2009-03-13,2192573152,1698353684,3890926836,0
2009-03-12,6440545991,5916469492,12357015483,0
2009-03-11,4109203256,5433433162,9542636418,0
2009-03-10,11200477186,7510581350,18711058536,0
2009-03-09,1101120337,45886734,1147007071,0
2009-03-08,1012144987,5408807546,6420952533,0
2009-03-07,11999656753,6552396979,18552053732,0
2009-03-06,3543324374,2280588834,5823913208,0
2009-03-05,2287731593,1415937040,3703668633,0
2009-03-04,1077891732,736453479,1814345211,0
2009-03-03,5851357627,7526890538,13378248165,0
2009-03-02,1548850700,5228462829,6777313529,0
2009-03-01,9337762064,6423144140,15760906204,0
2009-02-28,6084818716,6537618528,12622437244,0
2009-02-27,9485282622,6576295560,16061578182,0
2009-02-26,6473972820,6794327904,13268300724,0
2009-02-25,5041855158,5741559706,10783414864,0
2009-02-24,7879695448,5903726589,13783422037,0
2009-02-23,5302588052,4904458868,10207046920,0
2009-02-22,6065777890,6209325818,12275103708,0
2009-02-21,8661209333,6818755469,15479964802,0
2009-02-20,2942662428,7944968119,10887630547,0
2009-02-19,9638716803,7490277575,17128994378,0
2009-02-18,933753726,8321162252,9254915978,0
2009-02-17,5302657562,5985983454,11288641016,0
2009-02-16,0,0,0,0
2009-02-15,7385087222,5387612455,12772699677,0
2009-02-14,10776631297,5831773633,16608404930,0
2009-02-13,8392642162,4102031871,12494674033,0
2009-02-12,6175044888,2969381014,9144425902,0
2009-02-11,1025949320,37028470,1062977790,0
2009-02-10,5902025659,3569631720,9471657379,0
2009-02-09,3581571786,513843961,4095415747,0
2009-02-08,1856489600,115485595,1971975195,0
2009-02-07,1578118437,674720206,2252838643,0
2009-02-06,1697596052,882871973,2580468025,0
2009-02-05,3150551503,1743752073,4894303576,0
2009-02-04,713657610,94709960,808367570,0
2009-02-03,5085152207,4003881658,9089033865,0
2009-02-02,577674204,17487355,595161559,0
2009-02-01,2098918868,327770150,2426689018,0
2009-01-31,1055447885,461820120,1517268005,0
2009-01-30,2035790756,470999615,2506790371,0
2009-01-29,2690466891,2144752415,4835219306,0
2009-01-28,500855950,15281672,516137622,0
2009-01-27,2419076093,1832911961,4251988054,0
2009-01-26,1533144800,285266380,1818411180,0
2009-01-25,863734335,367464960,1231199295,0
2009-01-24,3011057654,2660093310,5671150964,0
2009-01-23,2049605565,484057013,2533662578,0
2009-01-22,3230327889,2244851454,5475179343,0
2009-01-21,970243806,439280083,1409523889,0
2009-01-20,2331438282,1583590513,3915028795,0
2009-01-19,1737338924,536751458,2274090382,0
2009-01-18,397963008,95043283,493006291,0
2009-01-17,757872992,353873698,1111746690,0
2009-01-16,1256898949,1244264750,2501163699,0
2009-01-15,893307182,754588235,1647895417,0
2009-01-14,1511046395,840201083,2351247478,0
2009-01-13,3645267535,4804250248,8449517783,0
2009-01-12,3224914950,875232704,4100147654,0
2009-01-11,1575440720,1411397936,2986838656,0
2009-01-10,2361974787,2091255661,4453230448,0
2009-01-09,1481582094,547259517,2028841611,0
2009-01-08,1224504476,462638941,1687143417,0
2009-01-07,1242123245,446644540,1688767785,0
2009-01-06,927430398,75360413,1002790811,0
2009-01-05,960895760,49251635,1010147395,0
2009-01-04,1840429344,1514506694,3354936038,0
2009-01-03,1286485781,439860877,1726346658,0
2009-01-02,551486351,141455344,692941695,0
2009-01-01,368299578,309130935,677430513,0
2008-12-31,1003971527,1239759582,2243731109,0
2008-12-30,385077641,73671367,458749008,0
2008-12-29,1269486111,94911287,1364397398,0
2008-12-28,295658838,119748825,415407663,0
2008-12-27,3456713481,3222194258,6678907739,0
2008-12-26,468412504,544513909,1012926413,0
2008-12-25,1848758487,1215176362,3063934849,0
2008-12-24,972156121,151704888,1123861009,0
2008-12-23,1859873585,1385508184,3245381769,0
2008-12-22,902517402,34087079,936604481,0
2008-12-21,761883627,494215455,1256099082,0
2008-12-20,863950399,347731692,1211682091,0
2008-12-19,926368587,368511103,1294879690,0
2008-12-18,884269933,109496660,993766593,0
2008-12-17,1364878338,479348016,1844226354,0
2008-12-16,4255195009,3917335160,8172530169,0
2008-12-15,596223146,25077746,621300892,0
2008-12-14,912078748,343440593,1255519341,0
2008-12-13,2505598348,2113833101,4619431449,0
2008-12-12,2297074529,1082916682,3379991211,0
2008-12-11,377325535,167586922,544912457,0
2008-12-10,5231977465,4722061929,9954039394,0
2008-12-09,4122308696,3879039280,8001347976,0
2008-12-08,517614905,68696756,586311661,0
2008-12-07,277032648,16472078,293504726,0
2008-12-06,2916380937,1990961515,4907342452,0
2008-12-05,1765156420,931224239,2696380659,0
2008-12-04,757950444,272657146,1030607590,0
2008-12-03,2147679852,1280228121,3427907973,0
2008-12-02,3925590539,3236318856,7161909395,0
2008-12-01,1120505359,348906830,1469412189,0
2008-11-30,660013733,25053426,685067159,0
2008-11-29,1723534578,830832661,2554367239,0
2008-11-28,1881808723,294997919,2176806642,0
2008-11-27,770884988,28598735,799483723,0
2008-11-26,1449689173,383320698,1833009871,0
2008-11-25,7535008578,6722139841,14257148419,0
2008-11-24,673412661,104961256,778373917,0
2008-11-23,1027599257,36441882,1064041139,0
2008-11-22,2073446078,1365245092,3438691170,0
2008-11-21,2008021639,1119538991,3127560630,0
2008-11-20,1858713672,472955231,2331668903,0
2008-11-19,2618449514,919724107,3538173621,0
2008-11-18,4404980176,3783120570,8188100746,0
2008-11-17,1771670097,1529646721,3301316818,0
2008-11-16,561697606,312606458,874304064,0
2008-11-15,1709124492,1434313014,3143437506,0
2008-11-14,2191987904,1884521272,4076509176,0
2008-11-13,1091233670,457140823,1548374493,0
2008-11-12,1736811443,1011753571,2748565014,0
2008-11-11,3822299220,4138654972,7960954192,0
2008-11-10,2184437534,5923009131,8107446665,0
2008-11-09,683710958,398218671,1081929629,0
2008-11-08,6646996273,3668633942,10315630215,0
2008-11-07,7050930291,3867684316,10918614607,0
2008-11-06,1946519364,1348920440,3295439804,0
2008-11-05,4381264839,2450636643,6831901482,0
2008-11-04,3437574292,2526785159,5964359451,0
2008-11-03,613352729,433961600,1047314329,0
2008-11-02,676190412,22620202,698810614,0
2008-11-01,1322371861,681912389,2004284250,0
2008-10-31,1146793356,953851626,2100644982,0
2008-10-30,1597120131,1080996648,2678116779,0
2008-10-29,2414379239,1096762893,3511142132,0
2008-10-28,2613452111,2393874456,5007326567,0
2008-10-27,1061364383,214753353,1276117736,0
2008-10-26,789104949,366002159,1155107108,0
2008-10-25,1384380844,1389237766,2773618610,0
2008-10-24,1939867418,1014116792,2953984210,0
2008-10-23,1648624036,583166577,2231790613,0
2008-10-22,1800156255,910577219,2710733474,0
2008-10-21,5072282192,4665210283,9737492475,0
2008-10-20,875203782,660501835,1535705617,0
2008-10-19,258256004,37948297,296204301,0
2008-10-18,1558260991,1412541910,2970802901,0
2008-10-17,1646385929,768934995,2415320924,0
2008-10-16,1258968119,460624718,1719592837,0
2008-10-15,1522951106,1218159491,2741110597,0
2008-10-14,4018068135,2914502551,6932570686,0
2008-10-13,374508771,21302397,395811168,0
2008-10-12,754419694,156092498,910512192,0
2008-10-11,1537672633,1371093535,2908766168,0
2008-10-10,1815397348,688122148,2503519496,0
2008-10-09,1679365138,505657276,2185022414,0
2008-10-08,992072084,725627731,1717699815,0
2008-10-07,4336517383,3690143978,8026661361,0
2008-10-06,989990690,531752009,1521742699,0
2008-10-05,406037123,186703273,592740396,0
2008-10-04,1515779440,850908933,2366688373,0
2008-10-03,1978732856,897367914,2876100770,0
2008-10-02,1193768092,643327742,1837095834,0
2008-10-01,1179280933,570003678,1749284611,0
2008-09-30,4766465958,3924191164,8690657122,0
2008-09-29,1597715010,684376030,2282091040,0
2008-09-28,1549524235,49990192,1599514427,0
2008-09-27,2231247486,2065278912,4296526398,0
2008-09-26,1858138041,885094502,2743232543,0
2008-09-25,1318828745,758261884,2077090629,0
2008-09-24,2469834617,2457621607,4927456224,0
2008-09-23,6861997323,5150736729,12012734052,0
2008-09-22,667167020,20438510,687605530,0
2008-09-21,1739974302,1381310832,3121285134,0
2008-09-20,963371341,663015315,1626386656,0
2008-09-19,1918676227,467816972,2386493199,0
2008-09-18,985494810,443419162,1428913972,0
2008-09-17,3341318739,1212100248,4553418987,0
2008-09-16,1738412695,1346474538,3084887233,0
2008-09-15,831407852,33306806,864714658,0
2008-09-14,1785103155,2375775877,4160879032,0
2008-09-13,2477085757,662629995,3139715752,0
2008-09-12,1660969206,60737001,1721706207,0
2008-09-11,141705310,10000305,151705615,0
2008-09-10,3320670676,2115711331,5436382007,0
2008-09-09,1908280256,1349824973,3258105229,0
2008-09-08,680015040,428097050,1108112090,0
2008-09-07,1761694833,1059803580,2821498413,0
2008-09-06,2743322601,1616188786,4359511387,0
2008-09-05,751576991,552242274,1303819265,0
2008-09-04,745901765,439609741,1185511506,0
2008-09-03,73012212,1160709078,1233721290,0
2008-09-02,5794001634,6568624559,12362626193,0
2008-09-01,9400329502,4289519367,13689848869,0
2008-08-31,2430095242,1657714953,4087810195,0
2008-08-30,2029782864,1197715278,3227498142,0
2008-08-29,1634325806,486938722,2121264528,0
2008-08-28,1474783610,877031350,2351814960,0
2008-08-27,3071232830,2428598420,5499831250,0
2008-08-26,1165407670,54770574,1220178244,0
2008-08-25,3410157095,2617254350,6027411445,0
2008-08-24,4937094797,3916679655,8853774452,0
2008-08-23,1799559660,956942599,2756502259,0
2008-08-22,560001546,65768378,625769924,0
2008-08-21,933515666,45044148,978559814,0
2008-08-20,1478034893,548597082,2026631975,0
2008-08-19,957770040,213059339,1170829379,0
2008-08-18,1237082598,40991516,1278074114,0
2008-08-17,629529981,231071413,860601394,0
2008-08-16,2225493366,1929311429,4154804795,0
2008-08-15,1345370663,1010499401,2355870064,0
2008-08-14,729606549,454507083,1184113632,0
2008-08-13,2170773461,1771501711,3942275172,0
2008-08-12,800891693,447854207,1248745900,0
2008-08-11,233187739,12196897,245384636,0
2008-08-10,341127307,14964747,356092054,0
2008-08-09,509010425,428703583,937714008,0
2008-08-08,1045474130,437554817,1483028947,0
2008-08-07,741891249,439802393,1181693642,0
2008-08-06,4978698926,5126974609,10105673535,0
2008-08-05,1290645763,1030428572,2321074335,0
2008-08-04,723203350,212972304,936175654,0
2008-08-03,1324031860,720995562,2045027422,0
2008-08-02,2217403452,1724151279,3941554731,0
2008-08-01,947653407,628638831,1576292238,0
2008-07-31,1140224654,444693495,1584918149,0
2008-07-30,3328681465,2804905537,6133587002,0
2008-07-29,490329745,21196444,511526189,0
2008-07-28,805569018,1470340393,2275909411,0
2008-07-27,1022902495,370335920,1393238415,0
2008-07-26,579256401,424581522,1003837923,0
2008-07-25,1375240497,439764019,1815004516,0
2008-07-24,884027581,442776610,1326804191,0
2008-07-23,828060657,427204067,1255264724,0
2008-07-22,1374433494,455756377,1830189871,0
2008-07-21,328738450,17516831,346255281,0
2008-07-20,1395088580,758676850,2153765430,0
2008-07-19,4170364254,2532699466,6703063720,0
2008-07-18,1579216935,841272018,2420488953,0
2008-07-17,401741043,60586574,462327617,0
2008-07-16,1265768394,1591835615,2857604009,0
2008-07-15,3250462289,1560820121,4811282410,0
2008-07-14,862539673,72540047,935079720,0
2008-07-13,790619354,122742193,913361547,0
2008-07-12,2172081814,1692460329,3864542143,0
2008-07-11,872317357,36565071,908882428,0
2008-07-10,417318925,24506472,441825397,0
2008-07-09,575677888,517185880,1092863768,0
2008-07-08,2367615917,1332745560,3700361477,0
2008-07-07,3070085113,2760792803,5830877916,0
2008-07-06,2147657159,376154433,2523811592,0
2008-07-05,10320179028,371810693,10691989721,0
2008-07-04,1947025654,1309092992,3256118646,0
2008-07-03,259177431,99447831,358625262,0
2008-07-02,826279283,31654790,857934073,0
2008-07-01,609168781,110879935,720048716,0
2008-06-30,391459895,53515450,444975345,0
2008-06-29,768405169,70159734,838564903,0
2008-06-28,2434152270,115993193,2550145463,0
2008-06-27,1929552997,681065307,2610618304,0
2008-06-26,1394846110,477858544,1872704654,0
2008-06-25,1164142175,464521218,1628663393,0
2008-06-24,1241045285,2475523186,3716568471,0
2008-06-23,1096137681,1215648009,2311785690,0
2008-06-22,240507862,9483831,249991693,0
2008-06-21,223954318,34725202,258679520,0
2008-06-20,1371828039,639656126,2011484165,0
2008-06-19,1506569377,637007655,2143577032,0
2008-06-18,763361429,487314255,1250675684,0
2008-06-17,1105179197,819401155,1924580352,0
2008-06-16,2892142489,1966270679,4858413168,0
2008-06-15,4016426951,2907415672,6923842623,0
2008-06-14,1003000581,472872168,1475872749,0
2008-06-13,1786495045,674578427,2461073472,0
2008-06-12,1027349591,444050386,1471399977,0
2008-06-11,1025385592,436488091,1461873683,0
2008-06-10,1287988183,452766608,1740754791,0
2008-06-09,568157130,18443250,586600380,0
2008-06-08,376990873,15063363,392054236,0
2008-06-07,679783045,76054387,755837432,0
2008-06-06,1710330496,731706348,2442036844,0
2008-06-05,900327482,541732096,1442059578,0
2008-06-04,1218055266,754743664,1972798930,0
2008-06-03,1503951193,476542171,1980493364,0
2008-06-02,502657399,29994695,532652094,0
2008-06-01,1349863273,61409410,1411272683,0
2008-05-31,298346372,15987528,314333900,0
2008-05-30,3745675890,3331783396,7077459286,0
2008-05-29,694378132,448127513,1142505645,0
2008-05-28,1367638385,656587678,2024226063,0
2008-05-27,607691003,29397792,637088795,0
2008-05-26,297809149,16864986,314674135,0
2008-05-25,4805222813,6061762365,10866985178,0
2008-05-24,3235100434,1510596508,4745696942,0
2008-05-23,339358857,225653595,565012452,0
2008-05-22,613156581,1100181458,1713338039,0
2008-05-21,6596181006,5255123768,11851304774,0
2008-05-20,483154202,69752121,552906323,0
2008-05-19,631236984,499110696,1130347680,0
2008-05-18,842527878,1229725306,2072253184,0
2008-05-17,5037011270,4227994191,9265005461,0
2008-05-16,2282494887,2567001604,4849496491,0
2008-05-15,3133573485,2337118801,5470692286,0
2008-05-14,763776298,526139624,1289915922,0
2008-05-13,874610394,570913139,1445523533,0
2008-05-12,747531533,286207708,1033739241,0
2008-05-11,603469871,107881837,711351708,0
2008-05-10,315405165,314731124,630136289,0
2008-05-09,2747533355,2428590900,5176124255,0
2008-05-08,2225060223,1759588130,3984648353,0
2008-05-07,3388320664,3855929577,7244250241,0
2008-05-06,1538675008,5256753613,6795428621,0
2008-05-05,4862399159,4063471123,8925870282,0
2008-05-04,8534782385,2097804007,10632586392,0
2008-05-03,292477989,2836313664,3128791653,0
2008-05-02,6889870280,4932769980,11822640260,0
2008-05-01,3183339656,1875239351,5058579007,0
2008-04-30,778058237,561871927,1339930164,0
2008-04-29,2385410309,3811300532,6196710841,0
2008-04-28,4548548920,3932113783,8480662703,0
2008-04-27,1695181333,5749563529,7444744862,0
2008-04-26,8559421836,3653425972,12212847808,0
2008-04-25,2473442955,2324742063,4798185018,0
2008-04-24,833275761,511734193,1345009954,0
2008-04-23,802052557,556220896,1358273453,0
2008-04-22,4939154862,647803479,5586958341,0
2008-04-21,1163990430,556567228,1720557658,0
2008-04-20,1258330569,225195473,1483526042,0
2008-04-19,456323620,101462663,557786283,0
2008-04-18,2387427585,1804275918,4191703503,0
2008-04-17,1708202242,706136026,2414338268,0
2008-04-16,1164228035,697299961,1861527996,0
2008-04-15,1196052013,673540065,1869592078,0
2008-04-14,345784443,123495765,469280208,0
2008-04-13,652950312,114710127,767660439,0
2008-04-12,841736392,134512503,976248895,0
2008-04-11,1496456970,1365139116,2861596086,0
2008-04-10,1411797389,629414318,2041211707,0
2008-04-09,767359930,538483203,1305843133,0
2008-04-08,748058579,591004003,1339062582,0
2008-04-07,449222836,45369700,494592536,0
2008-04-06,608461148,164078501,772539649,0
2008-04-05,502754044,433230937,935984981,0
2008-04-04,1514944848,1381011578,2895956426,0
2008-04-03,1053796546,452755099,1506551645,0
2008-04-02,1119708487,752568541,1872277028,0
2008-04-01,976068939,711850613,1687919552,0
2008-03-31,184322545,123573803,307896348,0
2008-03-30,448777515,160426339,609203854,0
2008-03-29,487596940,104460959,592057899,0
2008-03-28,1421490719,1350818393,2772309112,0
2008-03-27,182992275,52423140,235415415,0
2008-03-26,310248229,103753878,414002107,0
2008-03-25,1455717410,1284286089,2740003499,0
2008-03-24,281097214,50362999,331460213,0
2008-03-23,495309620,74159804,569469424,0
2008-03-22,1066887488,1647628616,2714516104,0
2008-03-21,3760384237,3756706280,7517090517,0
2008-03-20,3811160375,2629048399,6440208774,0
2008-03-19,624010217,468553008,1092563225,0
2008-03-18,778196464,540000137,1318196601,0
2008-03-17,1859400315,3468876243,5328276558,0
2008-03-16,2523512887,1489404455,4012917342,0
2008-03-15,1184621714,1873492602,3058114316,0
2008-03-14,5150487177,3949900307,9100387484,0
2008-03-13,2781270723,1821539152,4602809875,0
2008-03-12,786871257,446041854,1232913111,0
2008-03-11,951423739,923114796,1874538535,0
2008-03-10,2038356160,1847682547,3886038707,0
2008-03-09,507466081,414797288,922263369,0
2008-03-08,477010353,361806188,838816541,0
2008-03-07,3208266535,3181873623,6390140158,0
2008-03-06,2182529593,2161032750,4343562343,0
2008-03-05,460469382,337289308,797758690,0
2008-03-04,1021825460,674821831,1696647291,0
2008-03-03,1389495789,1119051671,2508547460,0
2008-03-02,600784117,328828372,929612489,0
2008-03-01,2976775855,3264623733,6241399588,0
2008-02-29,3528152798,3318222248,6846375046,0
2008-02-28,909987397,509994184,1419981581,0
2008-02-27,504647026,439069585,943716611,0
2008-02-26,1525940219,1229964829,2755905048,0
2008-02-25,1396407739,1503742160,2900149899,0
2008-02-24,2199612551,1600756038,3800368589,0
2008-02-23,1877832373,2131965044,4009797417,0
2008-02-22,2384202490,2413987202,4798189692,0
2008-02-21,896993560,877066536,1774060096,0
2008-02-20,450989937,255670742,706660679,0
2008-02-19,1561778427,1502847401,3064625828,0
2008-02-18,2523965794,2304677011,4828642805,0
2008-02-17,881218181,752280875,1633499056,0
2008-02-16,1721634518,1399585107,3121219625,0
2008-02-15,3322994734,2813074576,6136069310,0
2008-02-14,1214465825,735698736,1950164561,0
2008-02-13,1359839840,1087864129,2447703969,0
2008-02-12,3277545269,4113266270,7390811539,0
2008-02-11,986960588,3296619086,4283579674,0
2008-02-10,3413849030,2619175270,6033024300,0
2008-02-09,1448880450,1467380070,2916260520,0
2008-02-08,2143546832,1846208998,3989755830,0
2008-02-07,1110892511,670452643,1781345154,0
2008-02-06,1162606890,3358052470,4520659360,0
2008-02-05,1847015821,5668272745,7515288566,0
2008-02-04,564739703,5248988491,5813728194,0
2008-02-03,1722608343,3234743974,4957352317,0
2008-02-02,1426866192,1411224793,2838090985,0
2008-02-01,1988240995,1887507267,3875748262,0
2008-01-31,1920923163,1766088162,3687011325,0
2008-01-30,2244456931,1945044312,4189501243,0
2008-01-29,1898751206,3377706802,5276458008,0
2008-01-28,4945637197,2974889840,7920527037,0
2008-01-27,632342751,59571828,691914579,0
2008-01-26,832065338,995400989,1827466327,0
2008-01-25,994813539,699954495,1694768034,0
2008-01-24,3566320553,3600010153,7166330706,0
2008-01-23,1003383247,1431033355,2434416602,0
2008-01-22,3569635322,2557440269,6127075591,0
2008-01-21,379327428,167745592,547073020,0
2008-01-20,959059451,166598232,1125657683,0
2008-01-19,1259654639,1121307332,2380961971,0
2008-01-18,1078698407,712698339,1791396746,0
2008-01-17,3275521268,2586147363,5861668631,0
2008-01-16,714082104,805778713,1519860817,0
2008-01-15,3630535895,3161601530,6792137425,0
2008-01-14,2785275524,1540437145,4325712669,0
2008-01-13,809346002,123949321,933295323,0
2008-01-12,942403342,634984630,1577387972,0
2008-01-11,1635881759,1247909289,2883791048,0
2008-01-10,1777472863,1723984567,3501457430,0
2008-01-09,1196271785,708469702,1904741487,0
2008-01-08,1066763977,2516797818,3583561795,0
2008-01-07,2768640038,6127121009,8895761047,0
2008-01-06,2590871623,3020281736,5611153359,0
2008-01-05,3968001414,3896494259,7864495673,0
2008-01-04,4478008905,3332395511,7810404416,0
2008-01-03,2488503491,2779537404,5268040895,0
2008-01-02,7690945259,2905656102,10596601361,0
2008-01-01,4672379450,2493036849,7165416299,0
2007-12-31,7091427647,420200554,7511628201,0
2007-12-30,1131283553,302875916,1434159469,0
2007-12-29,724104976,423271954,1147376930,0
2007-12-28,624266068,317609036,941875104,0
2007-12-27,528282687,155929695,684212382,0
2007-12-26,618435140,311376862,929812002,0
2007-12-25,436128700,120117563,556246263,0
2007-12-24,383190670,138506279,521696949,0
2007-12-23,1416549828,180670651,1597220479,0
2007-12-22,721237332,350272756,1071510088,0
2007-12-21,414652414,171331313,585983727,0
2007-12-20,678165963,335394457,1013560420,0
2007-12-19,545550176,182496224,728046400,0
2007-12-18,435957301,199730116,635687417,0
2007-12-17,1031066424,459120332,1490186756,0
2007-12-16,655152214,288285825,943438039,0
2007-12-15,398268584,330059892,728328476,0
2007-12-14,615678182,439850446,1055528628,0
2007-12-13,1820913254,1777056796,3597970050,0
2007-12-12,571264793,362876673,934141466,0
2007-12-11,930402911,498460315,1428863226,0
2007-12-10,380107313,327561349,707668662,0
2007-12-09,1051635413,214000672,1265636085,0
2007-12-08,591192212,419220029,1010412241,0
2007-12-07,1021593329,815509975,1837103304,0
2007-12-06,1378596530,1080997637,2459594167,0
2007-12-05,1146725371,653893291,1800618662,0
2007-12-04,1824636976,1605033269,3429670245,0
2007-12-03,1062100138,670647503,1732747641,0
2007-12-02,610519619,256115230,866634849,0
2007-12-01,509401003,504078843,1013479846,0
2007-11-30,890436976,607851444,1498288420,0
2007-11-29,353892367,128551633,482444000,0
2007-11-28,312148349,90186231,402334580,0
2007-11-27,1407992177,1291316535,2699308712,0
2007-11-26,828918204,383246609,1212164813,0
2007-11-25,1058916278,200617445,1259533723,0
2007-11-24,593482944,232992058,826475002,0
2007-11-23,533513060,113177596,646690656,0
2007-11-22,327322529,64768971,392091500,0
2007-11-21,1164569669,1584417691,2748987360,0
2007-11-20,2230568886,1747779480,3978348366,0
2007-11-19,1038072584,569738913,1607811497,0
2007-11-18,2201404081,1874027587,4075431668,0
2007-11-17,848592161,738022567,1586614728,0
2007-11-16,926443541,704418871,1630862412,0
2007-11-15,3712867813,4760573981,8473441794,0
2007-11-14,4809284449,4060429031,8869713480,0
2007-11-13,2416999541,1972835789,4389835330,0
2007-11-12,2916915206,3040576565,5957491771,0
2007-11-11,3690883546,2195461898,5886345444,0
2007-11-10,178969227,89744111,268713338,0
2007-11-09,659963813,308038588,968002401,0
2007-11-08,482587192,123130112,605717304,0
2007-11-07,3101816461,2841817641,5943634102,0
2007-11-06,3019894429,3068793770,6088688199,0
2007-11-05,1051155738,440099030,1491254768,0
2007-11-04,604218807,281086309,885305116,0
2007-11-03,743532676,174409476,917942152,0
2007-11-02,1265146739,1799780898,3064927637,0
2007-11-01,1251326591,585126433,1836453024,0
2007-10-31,1012692180,971895988,1984588168,0
2007-10-30,3549519258,3273781818,6823301076,0
2007-10-29,3374479905,2620615736,5995095641,0
2007-10-28,656571381,373508644,1030080025,0
2007-10-27,865545981,246482257,1112028238,0
2007-10-26,815369706,642493606,1457863312,0
2007-10-25,423732653,113907341,537639994,0
2007-10-24,1237472539,1278371062,2515843601,0
2007-10-23,3668755717,2995132262,6663887979,0
2007-10-22,364186376,165084371,529270747,0
2007-10-21,1505423438,1175212229,2680635667,0
2007-10-20,2109551927,1855266394,3964818321,0
2007-10-19,1290645360,1345131932,2635777292,0
2007-10-18,3489841699,3394167254,6884008953,0
2007-10-17,613027508,598307688,1211335196,0
2007-10-16,3497832036,5519798181,9017630217,0
2007-10-15,4570646134,4673396915,9244043049,0
2007-10-14,5307080961,4740827617,10047908578,0
2007-10-13,6114733245,4598231172,10712964417,0
2007-10-12,5507867436,4617048055,10124915491,0
2007-10-11,727086073,657711808,1384797881,0
2007-10-10,2706910780,2612313317,5319224097,0
2007-10-09,3405716720,2101341612,5507058332,0
2007-10-08,2372750673,1201469254,3574219927,0
2007-10-07,788914326,232220332,1021134658,0
2007-10-06,401691035,232344592,634035627,0
2007-10-05,1145337094,940787949,2086125043,0
2007-10-04,822008810,557935637,1379944447,0
2007-10-03,2473686568,2664099517,5137786085,0
2007-10-02,3510184829,3482770013,6992954842,0
2007-10-01,1279217205,915257072,2194474277,0
2007-09-30,385383371,170712135,556095506,0
2007-09-29,506780135,474458530,981238665,0
2007-09-28,1087711552,1005938942,2093650494,0
2007-09-27,1786586338,585649498,2372235836,0
2007-09-26,2490804581,3682688568,6173493149,0
2007-09-25,10252324250,3873065985,14125390235,0
2007-09-24,2307924256,800301819,3108226075,0
2007-09-23,1335996985,224036938,1560033923,0
2007-09-22,883004025,397739068,1280743093,0
2007-09-21,1813500104,574577465,2388077569,0
2007-09-20,1532834513,621901076,2154735589,0
2007-09-19,3204590992,1396852032,4601443024,0
2007-09-18,4611794221,2792953042,7404747263,0
2007-09-17,3317980123,2812183889,6130164012,0
2007-09-16,1065561917,110131368,1175693285,0
2007-09-15,1091307936,834045236,1925353172,0
2007-09-14,994227971,619311923,1613539894,0
2007-09-13,689375411,600803770,1290179181,0
2007-09-12,1845391716,1009145973,2854537689,0
2007-09-11,1914851345,531027596,2445878941,0
2007-09-10,1400956850,1322028397,2722985247,0
2007-09-09,983253043,695545121,1678798164,0
2007-09-08,5498184191,4983056513,10481240704,0
2007-09-07,313694911,12088527,325783438,0
2007-09-06,607935197,559626935,1167562132,0
2007-09-05,1417232796,449242115,1866474911,0
2007-09-04,3428838365,3092568627,6521406992,0
2007-09-03,5499811314,5336399080,10836210394,0
2007-09-02,495106623,357939080,853045703,0
2007-09-01,1018158701,1133318293,2151476994,0
2007-08-31,182802970,56156021,238958991,0
2007-08-30,501151429,57811876,558963305,0
2007-08-29,1170455418,1549658948,2720114366,0
2007-08-28,1055507867,988070369,2043578236,0
2007-08-27,1806028115,1033358857,2839386972,0
2007-08-26,4516864917,155741486,4672606403,0
2007-08-25,2055244122,1130453634,3185697756,0
2007-08-24,754296601,642064587,1396361188,0
2007-08-23,629361862,421508077,1050869939,0
2007-08-22,1587865865,1293042806,2880908671,0
2007-08-21,1419882300,1703680009,3123562309,0
2007-08-20,4233835284,4752721557,8986556841,0
2007-08-19,935788379,609422058,1545210437,0
2007-08-18,1243676591,985427327,2229103918,0
2007-08-17,2244918261,2075437246,4320355507,0
2007-08-16,1040141747,955074814,1995216561,0
2007-08-15,1026640871,838358456,1864999327,0
2007-08-14,2699134858,3647009110,6346143968,0
2007-08-13,6867615259,5733726295,12601341554,0
2007-08-12,1442455019,5078877992,6521333011,0
2007-08-11,4209778199,5869887612,10079665811,0
2007-08-10,5348458866,3885309096,9233767962,0
2007-08-09,4507982823,5950978258,10458961081,0
2007-08-08,3707743964,5601948658,9309692622,0
2007-08-07,12089498076,8256914708,20346412784,0
2007-08-06,2454831798,2753298440,5208130238,0
2007-08-05,4620974377,5294990865,9915965242,0
2007-08-04,3111095283,3848709520,6959804803,0
2007-08-03,3602133442,3712649999,7314783441,0
2007-08-02,3231573879,3907573932,7139147811,0
2007-08-01,5028542019,4402668592,9431210611,0
2007-07-31,5056945183,5175023295,10231968478,0
2007-07-30,1680633177,4618555892,6299189069,0
2007-07-29,5318744075,6177601660,11496345735,0
2007-07-28,5969906527,5980970105,11950876632,0
2007-07-27,5187078391,4762531877,9949610268,0
2007-07-26,5962192509,5591084734,11553277243,0
2007-07-25,3590327496,3475536947,7065864443,0
2007-07-24,1072038051,2042831581,3114869632,0
2007-07-23,2832946468,1986001769,4818948237,0
2007-07-22,1128786680,34335590,1163122270,0
2007-07-21,863301435,324736075,1188037510,0
2007-07-20,1538160629,1282749108,2820909737,0
2007-07-19,769068671,444816963,1213885634,0
2007-07-18,885755504,838669944,1724425448,0
2007-07-17,1062988901,445254917,1508243818,0
2007-07-16,100038833,6126878,106165711,0
2007-07-15,151814620,9250567,161065187,0
2007-07-14,253776738,1424116808,1677893546,0
2007-07-13,2818380971,3173909116,5992290087,0
2007-07-12,3846162050,2243263524,6089425574,0
2007-07-11,976926890,616314512,1593241402,0
2007-07-10,898368307,185316991,1083685298,0
2007-07-09,1482663899,875882782,2358546681,0
2007-07-08,446310954,174614144,620925098,0
2007-07-07,421610044,146643420,568253464,0
2007-07-06,488235930,1711518608,2199754538,0
2007-07-05,236105176,196731309,432836485,0
2007-07-04,357139071,155958121,513097192,0
2007-07-03,702252058,1181848732,1884100790,0
2007-07-02,673397424,214117409,887514833,0
2007-07-01,400372220,281224045,681596265,0
2007-06-30,1209154173,316987551,1526141724,0
2007-06-29,1861229805,1761625838,3622855643,0
2007-06-28,1398643612,2952277781,4350921393,0
2007-06-27,3419573200,3091648541,6511221741,0
2007-06-26,3855024179,2231885019,6086909198,0
2007-06-25,5529142324,3000960371,8530102695,0
2007-06-24,2454320122,2292509929,4746830051,0
2007-06-23,1999326477,1682488959,3681815436,0
2007-06-22,3991548510,2423648203,6415196713,0
2007-06-21,3814597619,2310468502,6125066121,0
2007-06-20,1111315101,1123054673,2234369774,0
2007-06-19,1672084786,1080666684,2752751470,0
2007-06-18,1220410583,723930768,1944341351,0
2007-06-17,3437766887,2344878841,5782645728,0
2007-06-16,5158358634,2865451092,8023809726,0
2007-06-15,2745166420,2103857642,4849024062,0
2007-06-14,2801129382,3223790553,6024919935,0
2007-06-13,3423933437,3891326170,7315259607,0
2007-06-12,3738998381,3167975443,6906973824,0
2007-06-11,711429887,2784984062,3496413949,0
2007-06-10,2648708866,2577387995,5226096861,0
2007-06-09,3650465221,2492036732,6142501953,0
2007-06-08,2750167589,988782897,3738950486,0
2007-06-07,2702485938,989246112,3691732050,0
2007-06-06,1675705542,853667717,2529373259,0
2007-06-05,672248765,620865503,1293114268,0
2007-06-04,557976157,334759759,892735916,0
2007-06-03,524282869,1394975894,1919258763,0
2007-06-02,524040183,5612925215,6136965398,0
2007-06-01,352941447,710913004,1063854451,0
2007-05-31,2586715374,2325901032,4912616406,0
2007-05-30,1459004325,3245437374,4704441699,0
2007-05-29,2969880866,1403407597,4373288463,0
2007-05-28,2204882319,1391384178,3596266497,0
2007-05-27,656963353,278976838,935940191,0
2007-05-26,498157478,398245830,896403308,0
2007-05-25,853175912,369058169,1222234081,0
2007-05-24,2275058070,2156497659,4431555729,0
2007-05-23,965269195,381342402,1346611597,0
2007-05-22,2400626666,3000631474,5401258140,0
2007-05-21,714353975,590097566,1304451541,0
2007-05-20,682708439,727692584,1410401023,0
2007-05-19,441895787,280477117,722372904,0
2007-05-18,1041460208,1250412360,2291872568,0
2007-05-17,2059045305,2567967456,4627012761,0
2007-05-16,2831489144,2442115088,5273604232,0
2007-05-15,3264270164,3023586487,6287856651,0
2007-05-14,3645959657,2932091859,6578051516,0
2007-05-13,5654886258,5789977445,11444863703,0
2007-05-12,3185359441,5156941832,8342301273,0
2007-05-11,1847163024,2100941081,3948104105,0
2007-05-10,3856567114,3141741984,6998309098,0
2007-05-09,3991233683,3764598932,7755832615,0
2007-05-08,4005904851,3905287051,7911191902,0
2007-05-07,5110995134,5851017767,10962012901,0
2007-05-06,5777292194,7221134867,12998427061,0
2007-05-05,5159322577,7948755988,13108078565,0
2007-05-04,8123725966,6697838322,14821564288,0
2007-05-03,5876458530,4878829805,10755288335,0
2007-05-02,3140157651,2877045082,6017202733,0
2007-05-01,4778577048,2775908958,7554486006,0
2007-04-30,6249602406,4255225732,10504828138,0
2007-04-29,1826238369,644757027,2470995396,0
2007-04-28,308235032,99838679,408073711,0
2007-04-27,2779158127,1722562379,4501720506,0
2007-04-26,4978624370,3460702667,8439327037,0
2007-04-25,3403738309,3071298815,6475037124,0
2007-04-24,4671912196,4351943087,9023855283,0
2007-04-23,3943061113,4011881077,7954942190,0
2007-04-22,3958141472,2934152210,6892293682,0
2007-04-21,990837395,76382885,1067220280,0
2007-04-20,1197781784,663496828,1861278612,0
2007-04-19,1724589703,1165750752,2890340455,0
2007-04-18,1454530549,715488794,2170019343,0
2007-04-17,2354134926,1203777213,3557912139,0
2007-04-16,1122362749,436094771,1558457520,0
2007-04-15,616926386,56384970,673311356,0
2007-04-14,4142647103,1934461925,6077109028,0
2007-04-13,884008846,294301076,1178309922,0
2007-04-12,1798138971,1793132690,3591271661,0
2007-04-11,767639693,770780937,1538420630,0
2007-04-10,1748333409,2267386584,4015719993,0
2007-04-09,673631870,459901384,1133533254,0
2007-04-08,3051796110,3270886691,6322682801,0
2007-04-07,4638954356,3068425693,7707380049,0
2007-04-06,3729629541,1736262685,5465892226,0
2007-04-05,3980950306,3549642963,7530593269,0
2007-04-04,1817525119,2268586895,4086112014,0
2007-04-03,3524005450,4526634672,8050640122,0
2007-04-02,2438174912,2612953359,5051128271,0
2007-04-01,27309249862,3476772910,30786022772,0
2007-03-31,84453436681,5676452203,90129888884,0
2007-03-30,36235715222,3345607297,39581322519,0
2007-03-29,4041736783,3691147826,7732884609,0
2007-03-28,3245192691,2292787050,5537979741,0
2007-03-27,3974732472,4890408204,8865140676,0
2007-03-26,3975864164,4391106169,8366970333,0
2007-03-25,2294514623,5335299987,7629814610,0
2007-03-24,2675780475,5054306926,7730087401,0
2007-03-23,837812389,755944264,1593756653,0
2007-03-22,1820331169,3265721293,5086052462,0
2007-03-21,1030134686,986465714,2016600400,0
2007-03-20,4251832768,4790798785,9042631553,0
2007-03-19,1734751075,2457032628,4191783703,0
2007-03-18,1377517631,841313132,2218830763,0
2007-03-17,2993863074,4468474674,7462337748,0
2007-03-16,4502464309,3918266735,8420731044,0
2007-03-15,5255621449,4562723168,9818344617,0
2007-03-14,4876027080,4396579191,9272606271,0
2007-03-13,2568450481,3647680547,6216131028,0
2007-03-12,1464472909,1280098254,2744571163,0
2007-03-11,1835145428,141196827,1976342255,0
2007-03-10,2401024769,86884255,2487909024,0
2007-03-09,1042708967,1386509416,2429218383,0
2007-03-08,3314264137,4436023428,7750287565,0
2007-03-07,2450052843,3596998340,6047051183,0
2007-03-06,3759167927,5023376167,8782544094,0
2007-03-05,766308509,561663398,1327971907,0
2007-03-04,1050841005,316102725,1366943730,0
2007-03-03,1946944958,1886929718,3833874676,0
2007-03-02,2099536797,6117311415,8216848212,0
2007-03-01,3081825016,7285506817,10367331833,0
2007-02-28,4493992925,7504675971,11998668896,0
2007-02-27,1575027800,4379955920,5954983720,0
2007-02-26,583904037,50047955,633951992,0
2007-02-25,944497257,33866265,978363522,0
2007-02-24,1037524321,1042606758,2080131079,0
2007-02-23,974126734,643705450,1617832184,0
2007-02-22,1388678377,1703248387,3091926764,0
2007-02-21,2991289927,4488246684,7479536611,0
2007-02-20,5959200997,6058697674,12017898671,0
2007-02-19,3375272618,5490169666,8865442284,0
2007-02-18,3743002967,5199434370,8942437337,0
2007-02-17,4619102411,4965679247,9584781658,0
2007-02-16,3522364923,6159302103,9681667026,0
2007-02-15,1885643841,4014858714,5900502555,0
2007-02-14,2720839803,5287928212,8008768015,0
2007-02-13,2567404394,2855556693,5422961087,0
2007-02-12,952725424,1086069257,2038794681,0
2007-02-11,439823044,890988277,1330811321,0
2007-02-10,1494208469,2104925871,3599134340,0
2007-02-09,1852600683,2597485683,4450086366,0
2007-02-08,3964408592,5525536322,9489944914,0
2007-02-07,1154118059,1244687534,2398805593,0
2007-02-06,4364078529,4725704272,9089782801,0
2007-02-05,1986900271,4656770262,6643670533,0
2007-02-04,2092205648,3703830520,5796036168,0
2007-02-03,2114248354,4735781187,6850029541,0
2007-02-02,2472199019,4698807793,7171006812,0
2007-02-01,785451329,1090190023,1875641352,0
2007-01-31,1506962192,2290480001,3797442193,0
2007-01-30,3406799377,3578045866,6984845243,0
2007-01-29,1702508716,2120154385,3822663101,0
2007-01-28,1244962280,793103710,2038065990,0
2007-01-27,1115700588,826878536,1942579124,0
2007-01-26,2205036615,1863674516,4068711131,0
2007-01-25,1985065896,2550530953,4535596849,0
2007-01-24,1603442365,2123435174,3726877539,0
2007-01-23,2908541507,2771187260,5679728767,0
2007-01-22,944415261,361055643,1305470904,0
2007-01-21,572697479,219149661,791847140,0
2007-01-20,1023238751,1317038638,2340277389,0
2007-01-19,1634615630,2760064181,4394679811,0
2007-01-18,841635825,279302294,1120938119,0
2007-01-17,1422525729,1780572549,3203098278,0
2007-01-16,5398712294,5420992564,10819704858,0
2007-01-15,745882225,99140985,845023210,0
2007-01-14,668095046,120201516,788296562,0
2007-01-13,1193007129,222772144,1415779273,0
2007-01-12,1392876454,1614918496,3007794950,0
2007-01-11,1255711276,1015664086,2271375362,0
2007-01-10,1539860908,2330291664,3870152572,0
2007-01-09,2748542650,1587233788,4335776438,0
2007-01-08,1009513947,906093029,1915606976,0
2007-01-07,801846972,36066574,837913546,0
2007-01-06,953360031,36429809,989789840,0
2007-01-05,1462232104,2341788186,3804020290,0
2007-01-04,940057151,614306610,1554363761,0
2007-01-03,776607420,141724107,918331527,0
2007-01-02,1145106375,842512213,1987618588,0
2007-01-01,860245365,111067811,971313176,0
2006-12-31,591806127,142302023,734108150,0
2006-12-30,781483828,241402261,1022886089,0
2006-12-29,475613273,102125419,577738692,0
2006-12-28,1706398609,2260649390,3967047999,0
2006-12-27,1931327755,3628859455,5560187210,0
2006-12-26,574447685,720720620,1295168305,0
2006-12-25,293318881,28839525,322158406,0
2006-12-24,578421198,48530612,626951810,0
2006-12-23,1060195200,909809034,1970004234,0
2006-12-22,1721937237,275353706,1997290943,0
2006-12-21,1398724260,1814048585,3212772845,0
2006-12-20,1177241304,1438236371,2615477675,0
2006-12-19,1931397917,2116039884,4047437801,0
2006-12-18,364955415,46017841,410973256,0
2006-12-17,329976899,19588237,349565136,0
2006-12-16,319594758,189094817,508689575,0
2006-12-15,975058441,876610923,1851669364,0
2006-12-14,1077638486,1350537874,2428176360,0
2006-12-13,1809550368,1521161251,3330711619,0
2006-12-12,1684731082,1010959272,2695690354,0
2006-12-11,746354325,429713325,1176067650,0
2006-12-10,1010711533,129871076,1140582609,0
2006-12-09,643413939,87218734,730632673,0
2006-12-08,1448695443,56740493,1505435936,0
2006-12-07,3120033671,121935340,3241969011,0
2006-12-06,1918862574,85143029,2004005603,0
2006-12-05,1184084063,42219277,1226303340,0
2006-12-04,583474656,19241481,602716137,0
2006-12-03,434747121,17802585,452549706,0
2006-12-02,801375628,212986020,1014361648,0
2006-12-01,2796401214,133247885,2929649099,0
2006-11-30,5506769511,278114305,5784883816,0
2006-11-29,2968191756,89131849,3057323605,0
2006-11-28,557741767,73993538,631735305,0
2006-11-27,1274900713,140403274,1415303987,0
2006-11-26,624089034,420725517,1044814551,0
2006-11-25,666924588,175023240,841947828,0
2006-11-24,850801986,128269110,979071096,0
2006-11-23,402898826,80792720,483691546,0
2006-11-22,615015964,102050521,717066485,0
2006-11-21,2126594126,78488493,2205082619,0
2006-11-20,843625870,44686331,888312201,0
2006-11-19,902373164,232282713,1134655877,0
2006-11-18,2180267325,441226967,2621494292,0
2006-11-17,1139920156,418683638,1558603794,0
2006-11-16,748336086,227288703,975624789,0
2006-11-15,934366686,236024133,1170390819,0
2006-11-14,1887160326,68800511,1955960837,0
2006-11-13,1110106479,37092452,1147198931,0
2006-11-12,1066405290,197426552,1263831842,0
2006-11-11,1237608107,260397403,1498005510,0
2006-11-10,617784362,239821940,857606302,0
2006-11-09,1808723977,136501905,1945225882,0
2006-11-08,1997314559,489554366,2486868925,0
2006-11-07,2210660485,393802088,2604462573,0
2006-11-06,582871148,164675360,747546508,0
2006-11-05,4688877261,315748638,5004625899,0
2006-11-04,4519273175,268830080,4788103255,0
2006-11-03,1426111527,238770776,1664882303,0
2006-11-02,1865311628,283569038,2148880666,0
2006-11-01,1303636201,239305557,1542941758,0
2006-10-31,1356142204,105784873,1461927077,0
2006-10-30,604429996,769407670,1373837666,0
2006-10-29,550814607,69164726,619979333,0
2006-10-28,1884594456,144069711,2028664167,0
2006-10-27,634519623,78915752,713435375,0
2006-10-26,1072784704,43261227,1116045931,0
2006-10-25,711606503,98413100,810019603,0
2006-10-24,1774485633,236062464,2010548097,0
2006-10-23,329912394,171911085,501823479,0
2006-10-22,325589629,66551461,392141090,0
2006-10-21,255046501,458702227,713748728,0
2006-10-20,812072716,1363830114,2175902830,0
2006-10-19,2609707317,174281425,2783988742,0
2006-10-18,1952779139,440657063,2393436202,0
2006-10-17,206313840,68439346,274753186,0
2006-10-16,635661654,153082126,788743780,0
2006-10-15,728000806,363839190,1091839996,0
2006-10-14,400163000,18232252,418395252,0
2006-10-13,3493209906,1455228044,4948437950,0
2006-10-12,750283118,47602954,797886072,0
2006-10-11,1794624534,94971694,1889596228,0
2006-10-10,1639949755,131566656,1771516411,0
2006-10-09,1160067909,214755136,1374823045,0
2006-10-08,328958270,91564986,420523256,0
2006-10-07,9169967666,253949279,9423916945,0
2006-10-06,915401154,84421359,999822513,0
2006-10-05,1600875814,332835244,1933711058,0
2006-10-04,5511749596,715945265,6227694861,0
2006-10-03,18944973393,602172513,19547145906,0
2006-10-02,43339686024,1225611417,44565297441,0
2006-10-01,58863110079,1523717701,60386827780,0
2006-09-30,14371853567,1460354787,15832208354,0
2006-09-29,1171137931,131274073,1302412004,0
2006-09-28,547258511,143576206,690834717,0
2006-09-27,1989962981,99464594,2089427575,0
2006-09-26,748439426,205189718,953629144,0
2006-09-25,661285287,171487303,832772590,0
2006-09-24,634224963,99465535,733690498,0
2006-09-23,1557888097,523417485,2081305582,0
2006-09-22,1049492236,1017956915,2067449151,0
2006-09-21,1064747612,643565524,1708313136,0
2006-09-20,1284285859,1935734601,3220020460,0
2006-09-19,2664394505,1925768653,4590163158,0
2006-09-18,667543530,1442131856,2109675386,0
2006-09-17,587351211,619728833,1207080044,0
2006-09-16,1052290237,2600864013,3653154250,0
2006-09-15,612828507,546750205,1159578712,0
2006-09-14,1848914235,2548288181,4397202416,0
2006-09-13,1650898100,2552043928,4202942028,0
2006-09-12,2152964177,2225075225,4378039402,0
2006-09-11,1663537772,2815872695,4479410467,0
2006-09-10,3483501582,2897717436,6381219018,0
2006-09-09,3275662268,4173378852,7449041120,0
2006-09-08,2215682478,3438583184,5654265662,0
2006-09-07,1086519256,2212044120,3298563376,0
2006-09-06,1431088101,2893185527,4324273628,0
2006-09-05,1694670094,3456070105,5150740199,0
2006-09-04,718581394,5219467029,5938048423,0
2006-09-03,1371728397,2336609777,3708338174,0
2006-09-02,2737044204,2394689644,5131733848,0
2006-09-01,716286332,632517755,1348804087,0
2006-08-31,648900272,526025374,1174925646,0
2006-08-30,916321327,1141261279,2057582606,0
2006-08-29,1525645428,990252167,2515897595,0
2006-08-28,701303869,455223748,1156527617,0
2006-08-27,994430567,189445298,1183875865,0
2006-08-26,2609187263,4082598352,6691785615,0
2006-08-25,532689238,485657253,1018346491,0
2006-08-24,1468476795,1185775340,2654252135,0
2006-08-23,1187493240,1877566243,3065059483,0
2006-08-22,1696046506,1618486722,3314533228,0
2006-08-21,304852949,276188708,581041657,0
2006-08-20,931556006,253845491,1185401497,0
2006-08-19,1682750126,2978804308,4661554434,0
2006-08-18,1027038650,796571934,1823610584,0
2006-08-17,1350490800,1940583341,3291074141,0
2006-08-16,2976966965,2699480810,5676447775,0
2006-08-15,822347798,509974479,1332322277,0
2006-08-14,369922297,227523199,597445496,0
2006-08-13,902517855,103600093,1006117948,0
2006-08-12,1456892167,2352274231,3809166398,0
2006-08-11,908938459,1397178942,2306117401,0
2006-08-10,1187203575,1410696916,2597900491,0
2006-08-09,1846706667,3652469519,5499176186,0
2006-08-08,509088796,1898292055,2407380851,0
2006-08-07,1880982079,6374501774,8255483853,0
2006-08-06,1379601094,5653726594,7033327688,0
2006-08-05,3475556189,7860360274,11335916463,0
2006-08-04,2593711333,5117407710,7711119043,0
2006-08-03,2050730477,4471251554,6521982031,0
2006-08-02,2433629405,4616589502,7050218907,0
2006-08-01,2291362875,4911419985,7202782860,0
2006-07-31,10065577121,6856549293,16922126414,0
2006-07-30,42966330,258268425,301234755,0
2006-07-29,2300359699,3134472108,5434831807,0
2006-07-28,1569969152,1469039435,3039008587,0
2006-07-27,1429896054,1428582272,2858478326,0
2006-07-26,805794954,956790903,1762585857,0
2006-07-25,636897731,188593083,825490814,0
2006-07-24,403668600,23945265,427613865,0
2006-07-23,904603278,473037063,1377640341,0
2006-07-22,1710837808,4143152376,5853990184,0
2006-07-21,703927615,451638294,1155565909,0
2006-07-20,990985858,948659391,1939645249,0
2006-07-19,3007592390,2864533286,5872125676,0
2006-07-18,710630352,1658793780,2369424132,0
2006-07-17,450327171,830187655,1280514826,0
2006-07-16,2775541233,4131393881,6906935114,0
2006-07-15,4238594074,7511748952,11750343026,0
2006-07-14,4486420331,5906964785,10393385116,0
2006-07-13,5056148643,7145562948,12201711591,0
2006-07-12,4931257325,7305480176,12236737501,0
2006-07-11,3840140375,3979630216,7819770591,0
2006-07-10,2224660984,2172561317,4397222301,0
2006-07-09,1153765904,1537010426,2690776330,0
2006-07-08,2548489704,3949769404,6498259108,0
2006-07-07,2031227505,3475396384,5506623889,0
2006-07-06,313624952,634776101,948401053,0
2006-07-05,3551869128,3856506554,7408375682,0
2006-07-04,2754660651,3271354300,6026014951,0
2006-07-03,2749062192,3899958962,6649021154,0
2006-07-02,2383200874,2782539685,5165740559,0
2006-07-01,1922035390,3406191099,5328226489,0
2006-06-30,3533148342,5431725687,8964874029,0
2006-06-29,6948726969,4978202000,11926928969,0
2006-06-28,4164175859,2852390294,7016566153,0
2006-06-27,844187002,919147706,1763334708,0
2006-06-26,763846558,338685734,1102532292,0
2006-06-25,164889121,8830414,173719535,0
2006-06-24,402311701,184993119,587304820,0
2006-06-23,971735687,1089144267,2060879954,0
2006-06-22,622883810,515895023,1138778833,0
2006-06-21,844723157,643595677,1488318834,0
2006-06-20,688752319,584608121,1273360440,0
2006-06-19,313668175,42975484,356643659,0
2006-06-18,915578688,64487930,980066618,0
2006-06-17,202505001,32171518,234676519,0
2006-06-16,1047236440,1069006086,2116242526,0
2006-06-15,541423090,524180293,1065603383,0
2006-06-14,3033829536,669559809,3703389345,0
2006-06-13,792652516,784960612,1577613128,0
2006-06-12,220010324,34140136,254150460,0
2006-06-11,158944275,196061163,355005438,0
2006-06-10,180127967,88972103,269100070,0
2006-06-09,936711077,598526577,1535237654,0
2006-06-08,538001067,634209711,1172210778,0
2006-06-07,822314325,689550580,1511864905,0
2006-06-06,658150888,553775243,1211926131,0
2006-06-05,209739688,134009418,343749106,0
2006-06-04,2472835419,3781895247,6254730666,0
2006-06-03,3905443454,3463000020,7368443474,0
2006-06-02,2628348710,3087023186,5715371896,0
2006-06-01,2586680080,3445214620,6031894700,0
2006-05-31,3277949404,3596346521,6874295925,0
2006-05-30,2985784219,2687498150,5673282369,0
2006-05-29,3695933952,3693161242,7389095194,0
2006-05-28,3241206990,3289066586,6530273576,0
2006-05-27,271155604,61060344,332215948,0
2006-05-26,252426663,948492324,1200918987,0
2006-05-25,1748531353,862953798,2611485151,0
2006-05-24,1947794145,2718791679,4666585824,0
2006-05-23,2627026955,1839957823,4466984778,0
2006-05-22,197555882,79478995,277034877,0
2006-05-21,1672207260,291531746,1963739006,0
2006-05-20,565817068,522729782,1088546850,0
2006-05-19,2187692303,2291960929,4479653232,0
2006-05-18,1551431037,1008425428,2559856465,0
2006-05-17,519304814,296455475,815760289,0
2006-05-16,2270809517,2283340650,4554150167,0
2006-05-15,1157664817,1181625429,2339290246,0
2006-05-14,79945062,53871137,133816199,0
2006-05-13,324428099,89151087,413579186,0
2006-05-12,2218475598,1625308520,3843784118,0
2006-05-11,1500492960,1408567341,2909060301,0
2006-05-10,806200601,796718340,1602918941,0
2006-05-09,2475887438,2000363472,4476250910,0
2006-05-08,781864779,510869137,1292733916,0
2006-05-07,238194261,76495466,314689727,0
2006-05-06,257870467,89559023,347429490,0
2006-05-05,2064064918,1914474167,3978539085,0
2006-05-04,741883291,504334295,1246217586,0
2006-05-03,1571760318,1946948869,3518709187,0
2006-05-02,2409444744,1417457010,3826901754,0
2006-05-01,659943137,516818074,1176761211,0
2006-04-30,1566041173,102128946,1668170119,0
2006-04-29,237131043,48980154,286111197,0
2006-04-28,1798420521,1203455122,3001875643,0
2006-04-27,4215541890,2916362773,7131904663,0
2006-04-26,1833572606,2066005475,3899578081,0
2006-04-25,3077864131,2050476946,5128341077,0
2006-04-24,1352917100,953881908,2306799008,0
2006-04-23,1543385600,339240069,1882625669,0
2006-04-22,1394392312,324327655,1718719967,0
2006-04-21,3258403267,826896085,4085299352,0
2006-04-20,6601855860,4001316141,10603172001,0
2006-04-19,1093210838,760303743,1853514581,0
2006-04-18,2289209371,2365084016,4654293387,0
2006-04-17,234796331,111441503,346237834,0
2006-04-16,287996909,87965880,375962789,0
2006-04-15,508100244,289211187,797311431,0
2006-04-14,543617966,307788663,851406629,0
2006-04-13,2504414480,1880694903,4385109383,0
2006-04-12,2232648151,2717970094,4950618245,0
2006-04-11,6956668586,4836601510,11793270096,0
2006-04-10,4117132027,2206862072,6323994099,0
2006-04-09,2481660088,1156718231,3638378319,0
2006-04-08,1794508673,791016935,2585525608,0
2006-04-07,1799128470,1540146238,3339274708,0
2006-04-06,3472511089,2692365681,6164876770,0
2006-04-05,1142159299,953994464,2096153763,0
2006-04-04,3188998025,2835710501,6024708526,0
2006-04-03,1092621732,4465528589,5558150321,0
2006-04-02,741518863,5485951837,6227470700,0
2006-04-01,6248481927,3792887083,10041369010,0
2006-03-31,8711898301,4538368515,13250266816,0
2006-03-30,7031338182,3383321300,10414659482,0
2006-03-29,1481472923,2077532706,3559005629,0
2006-03-28,2582047745,2263094492,4845142237,0
2006-03-27,689794166,501151081,1190945247,0
2006-03-26,255135197,11851441,266986638,0
2006-03-25,519332837,52244005,571576842,0
2006-03-24,957715659,754150999,1711866658,0
2006-03-23,1821923696,1398638710,3220562406,0
2006-03-22,748924876,460521360,1209446236,0
2006-03-21,2799290739,2330540729,5129831468,0
2006-03-20,188743179,23082989,211826168,0
2006-03-19,540513091,33512260,574025351,0
2006-03-18,924971913,816610877,1741582790,0
2006-03-17,3305869840,1495994215,4801864055,0
2006-03-16,878078121,901675080,1779753201,0
2006-03-15,1375573641,737079935,2112653576,0
2006-03-14,1817406294,1323586266,3140992560,0
2006-03-13,682952422,445841738,1128794160,0
2006-03-12,377830314,23425450,401255764,0
2006-03-11,1161748751,952492913,2114241664,0
2006-03-10,972092961,501762825,1473855786,0
2006-03-09,3389292594,2742903716,6132196310,0
2006-03-08,1658503457,938160653,2596664110,0
2006-03-07,2680534460,2541224407,5221758867,0
2006-03-06,1615163620,1058399985,2673563605,0
2006-03-05,735363434,475107233,1210470667,0
2006-03-04,632646146,603998408,1236644554,0
2006-03-03,966199422,534817726,1501017148,0
2006-03-02,1024776215,758520580,1783296795,0
2006-03-01,504655566,254358541,759014107,0
2006-02-28,1151030120,1358497887,2509528007,0
2006-02-27,2658019869,2367240298,5025260167,0
2006-02-26,330296644,25033695,355330339,0
2006-02-25,928996880,1797403547,2726400427,0
2006-02-24,2777071591,3011279322,5788350913,0
2006-02-23,3461010794,2366768903,5827779697,0
2006-02-22,2762745022,1199110829,3961855851,0
2006-02-21,4856564565,1163156529,6019721094,0
2006-02-20,305066475,1512151452,1817217927,0
2006-02-19,302964031,169656750,472620781,0
2006-02-18,852895357,1566315098,2419210455,0
2006-02-17,406807867,906038971,1312846838,0
2006-02-16,1031669809,3806974686,4838644495,0
2006-02-15,5418886098,3773375639,9192261737,0
2006-02-14,6710120554,3066272920,9776393474,0
2006-02-13,149715645,12574017,162289662,0
2006-02-12,206639992,15057498,221697490,0
2006-02-11,1442641226,1389736054,2832377280,0
2006-02-10,778791877,683222954,1462014831,0
2006-02-09,968360604,894561014,1862921618,0
2006-02-08,559656579,478310057,1037966636,0
2006-02-07,1269114256,1223792554,2492906810,0
2006-02-06,545437844,20170743,565608587,0
2006-02-05,385160723,38283858,423444581,0
2006-02-04,717619105,506225094,1223844199,0
2006-02-03,879175946,692846618,1572022564,0
2006-02-02,596058714,477319163,1073377877,0
2006-02-01,1039334703,1416624239,2455958942,0
2006-01-31,2605628485,3592712938,6198341423,0
2006-01-30,999528059,758345292,1757873351,0
2006-01-29,1496201935,44657648,1540859583,0
2006-01-28,967915690,1272855500,2240771190,0
2006-01-27,850739257,691257104,1541996361,0
2006-01-26,1109766702,942040203,2051806905,0
2006-01-25,768064726,980860714,1748925440,0
2006-01-24,3093179100,2425326211,5518505311,0
2006-01-23,1221957335,1041001909,2262959244,0
2006-01-22,256513705,23143643,279657348,0
2006-01-21,923792922,1136762175,2060555097,0
2006-01-20,582155385,90892108,673047493,0
2006-01-19,1107036630,940440377,2047477007,0
2006-01-18,1083093664,2251038505,3334132169,0
2006-01-17,2625663714,1129567899,3755231613,0
2006-01-16,1065537242,946869787,2012407029,0
2006-01-15,567279846,416388098,983667944,0
2006-01-14,3218328643,1806711385,5025040028,0
2006-01-13,814429032,680885442,1495314474,0
2006-01-12,1052775358,1009650019,2062425377,0
2006-01-11,4681485266,3572092734,8253578000,0
2006-01-10,4203643755,4147589327,8351233082,0
2006-01-09,3435267250,4080924247,7516191497,0
2006-01-08,1893158925,2059359153,3952518078,0
2006-01-07,153636682,34392333,188029015,0
2006-01-06,723126098,628230488,1351356586,0
2006-01-05,432155530,395773639,827929169,0
2006-01-04,501915399,334452845,836368244,0
2006-01-03,915366930,1042520409,1957887339,0
2006-01-02,205646816,35965874,241612690,0
2006-01-01,830131299,3567193465,4397324764,0
2005-12-31,7858364331,3541610237,11399974568,0
2005-12-30,193141584,48572788,241714372,0
2005-12-29,107195970,38922354,146118324,0
2005-12-28,155694536,35915827,191610363,0
2005-12-27,206779573,47300323,254079896,0
2005-12-26,244455371,37926046,282381417,0
2005-12-25,176976818,34027082,211003900,0
2005-12-24,103665402,27282203,130947605,0
2005-12-23,160690188,19347186,180037374,0
2005-12-22,221259318,43425862,264685180,0
2005-12-21,684120183,565049206,1249169389,0
2005-12-20,580813609,902336383,1483149992,0
2005-12-19,1413862033,2318437454,3732299487,0
2005-12-18,989527138,2356768428,3346295566,0
2005-12-17,2088678427,2560600238,4649278665,0
2005-12-16,3736993754,3416552914,7153546668,0
2005-12-15,3797967982,2500363657,6298331639,0
2005-12-14,1159528231,1586489378,2746017609,0
2005-12-13,1180270920,1033328627,2213599547,0
2005-12-12,588334372,25325335,613659707,0
2005-12-11,234660349,27035773,261696122,0
2005-12-10,193819907,57844555,251664462,0
2005-12-09,770017314,577842371,1347859685,0
2005-12-08,1433999379,1421893372,2855892751,0
2005-12-07,1712663297,1807386427,3520049724,0
2005-12-06,1087886882,885404469,1973291351,0
2005-12-05,637337680,456224161,1093561841,0
2005-12-04,1822218495,2916738943,4738957438,0
2005-12-03,122276330,20488322,142764652,0
2005-12-02,638160464,736864253,1375024717,0
2005-12-01,1056687449,1014933930,2071621379,0
2005-11-30,3940215481,1524105304,5464320785,0
2005-11-29,1584819842,1438550900,3023370742,0
2005-11-28,1032491972,620383243,1652875215,0
2005-11-27,21943394,6324196,28267590,0
2005-11-26,17265459,2670134,19935593,0
2005-11-25,113288391,12432629,125721020,0
2005-11-24,683411994,723721253,1407133247,0
2005-11-23,408181311,340958936,749140247,0
2005-11-22,1618004157,1263464603,2881468760,0
2005-11-21,1599053118,1072103444,2671156562,0
2005-11-20,543517413,1102490475,1646007888,0
2005-11-19,339757285,2515303017,2855060302,0
2005-11-18,1137221621,3375986937,4513208558,0
2005-11-17,1203645243,1322274530,2525919773,0
2005-11-16,812687959,865971176,1678659135,0
2005-11-15,1288771008,3159434565,4448205573,0
2005-11-14,612144496,2394855569,3007000065,0
2005-11-13,144708238,75382041,220090279,0
2005-11-12,66656595,55291784,121948379,0
2005-11-11,1000247956,3623715162,4623963118,0
2005-11-10,959143061,1021366947,1980510008,0
2005-11-09,1104351283,769156263,1873507546,0
2005-11-08,3409161265,3539880327,6949041592,0
2005-11-07,799361836,3766144389,4565506225,0
2005-11-06,5972008100,3777654158,9749662258,0
2005-11-05,4065655847,1656008033,5721663880,0
2005-11-04,609104799,453337373,1062442172,0
2005-11-03,953423167,936794812,1890217979,0
2005-11-02,1549899987,1370873461,2920773448,0
2005-11-01,934614093,1928815851,2863429944,0
2005-10-31,132604576,7056837,139661413,0
Total,23538924896770,19286907524094,42825832420864,0
